  -64.000000000000000       -56.250000000000000      -0.40518385325112177       -0.0000000000000000      -0.50183506576636572     
  -64.000000000000000       -48.250000000000000      -0.37747845937935898       -0.0000000000000000      -0.52307596261669298     
  -64.000000000000000       -40.250000000000000      -0.34192421092029723       -0.0000000000000000      -0.54696283581901606     
  -64.000000000000000       -32.250000000000000      -0.29615160990446565       -0.0000000000000000      -0.57302454361847754     
  -64.000000000000000       -24.250000000000000      -0.23887091993976406       -0.0000000000000000      -0.59922022245883022     
  -64.000000000000000       -16.250000000000000      -0.16997132165646578       -0.0000000000000000      -0.62241136766062011     
  -64.000000000000000       -8.2500000000000000       -9.1156088380879449E-002  -0.0000000000000000      -0.63886452881050693     
  -64.000000000000000      -0.25000000000000000       -7.2815371699489024E-003  -0.0000000000000000      -0.64532495300108028     
  -64.000000000000000        7.7500000000000000        8.0799061989539317E-002   0.0000000000000000      -0.64026733718665441     
  -64.000000000000000        15.750000000000000       0.16057134677178275        0.0000000000000000      -0.62492194644770915     
  -64.000000000000000        23.750000000000000       0.23082024380085917        0.0000000000000000      -0.60237863522024226     
  -64.000000000000000        31.750000000000000       0.28965371601254786        0.0000000000000000      -0.57633892057223390     
  -64.000000000000000        39.750000000000000       0.33697668529820524        0.0000000000000000      -0.55002507603522000     
  -64.000000000000000        47.750000000000000       0.37383377599716161        0.0000000000000000      -0.52568637443060851     
  -64.000000000000000        55.750000000000000       0.40232376552588700        0.0000000000000000      -0.50414687045413020     
  -64.000000000000000        63.750000000000000       0.42176001276728786        0.0000000000000000      -0.48773159005360839     

  -56.000000000000000       -56.250000000000000      -0.42369190797524919       -0.0000000000000000      -0.48665983732454093     
  -56.000000000000000       -48.250000000000000      -0.40137354641586509       -0.0000000000000000      -0.50544140795281212     
  -56.000000000000000       -40.250000000000000      -0.36852142501464269       -0.0000000000000000      -0.52989093361823392     
  -56.000000000000000       -32.250000000000000      -0.32254357084234730       -0.0000000000000000      -0.55902605122051929     
  -56.000000000000000       -24.250000000000000      -0.26210889732485931       -0.0000000000000000      -0.58976142782788787     
  -56.000000000000000       -16.250000000000000      -0.18736499771346463       -0.0000000000000000      -0.61763373340552941     
  -56.000000000000000       -8.2500000000000000      -0.10069986761647336       -0.0000000000000000      -0.63759145729983047     
  -56.000000000000000      -0.25000000000000000       -8.0476904708177369E-003  -0.0000000000000000      -0.64544221175933081     
  -56.000000000000000        7.7500000000000000        8.9272291201521581E-002   0.0000000000000000      -0.63929592505763333     
  -56.000000000000000        15.750000000000000       0.17707042607160994        0.0000000000000000      -0.62067331675132575     
  -56.000000000000000        23.750000000000000       0.25345862754577830        0.0000000000000000      -0.59353145700137577     
  -56.000000000000000        31.750000000000000       0.31581280191397598        0.0000000000000000      -0.56285091980470714     
  -56.000000000000000        39.750000000000000       0.36372380419945977        0.0000000000000000      -0.53319130824574967     
  -56.000000000000000        47.750000000000000       0.39824220716289477        0.0000000000000000      -0.50790941287417524     
  -56.000000000000000        55.750000000000000       0.42166327679644494        0.0000000000000000      -0.48845100174911915     
  -56.000000000000000        63.750000000000000       0.43330673282256293        0.0000000000000000      -0.47776395110581149     

  -48.000000000000000       -56.250000000000000      -0.44225894264864019       -0.0000000000000000      -0.47015897138478574     
  -48.000000000000000       -48.250000000000000      -0.42775766343356375       -0.0000000000000000      -0.48362521637837730     
  -48.000000000000000       -40.250000000000000      -0.40006749452396895       -0.0000000000000000      -0.50675466670922065     
  -48.000000000000000       -32.250000000000000      -0.35605288611536057       -0.0000000000000000      -0.53850373948776109     
  -48.000000000000000       -24.250000000000000      -0.29361681300143422       -0.0000000000000000      -0.57485067484575281     
  -48.000000000000000       -16.250000000000000      -0.21235224964443092       -0.0000000000000000      -0.60956520599671127     
  -48.000000000000000       -8.2500000000000000      -0.11500551627374951       -0.0000000000000000      -0.63523041292458282     
  -48.000000000000000      -0.25000000000000000       -9.2180081079504730E-003  -0.0000000000000000      -0.64552364834933640     
  -48.000000000000000        7.7500000000000000       0.10202144591586228        0.0000000000000000      -0.63745619248204433     
  -48.000000000000000        15.750000000000000       0.20092278513219983        0.0000000000000000      -0.61343008682500522     
  -48.000000000000000        23.750000000000000       0.28439532148367147        0.0000000000000000      -0.57946252406752996     
  -48.000000000000000        31.750000000000000       0.34930712519315094        0.0000000000000000      -0.54289140121655111     
  -48.000000000000000        39.750000000000000       0.39571816599607534        0.0000000000000000      -0.51014304352348494     
  -48.000000000000000        47.750000000000000       0.42544581434624640        0.0000000000000000      -0.48563668163682072     
  -48.000000000000000        55.750000000000000       0.44136253386500979        0.0000000000000000      -0.47102628563793547     
  -48.000000000000000        63.750000000000000       0.44277959550156515        0.0000000000000000      -0.46948952847062358     

  -40.000000000000000       -56.250000000000000      -0.46277928296873561       -0.0000000000000000      -0.45005282978357514     
  -40.000000000000000       -48.250000000000000      -0.45760846468281835       -0.0000000000000000      -0.45548392712303931     
  -40.000000000000000       -40.250000000000000      -0.43709146178435787       -0.0000000000000000      -0.47511288557226561     
  -40.000000000000000       -32.250000000000000      -0.39739304379929624       -0.0000000000000000      -0.50865405942076236     
  -40.000000000000000       -24.250000000000000      -0.33504881576363338       -0.0000000000000000      -0.55172540746953724     
  -40.000000000000000       -16.250000000000000      -0.24720662005111718       -0.0000000000000000      -0.59616696378338607     
  -40.000000000000000       -8.2500000000000000      -0.13579488954773822       -0.0000000000000000      -0.63094537768994374     
  -40.000000000000000      -0.25000000000000000       -1.0948636064250958E-002  -0.0000000000000000      -0.64524881986362503     
  -40.000000000000000        7.7500000000000000       0.12061655139010913        0.0000000000000000      -0.63401867147408608     
  -40.000000000000000        15.750000000000000       0.23440102848858865        0.0000000000000000      -0.60131425335740318     
  -40.000000000000000        23.750000000000000       0.32542183785900258        0.0000000000000000      -0.55743993432037342     
  -40.000000000000000        31.750000000000000       0.39091315760726192        0.0000000000000000      -0.51363232551694926     
  -40.000000000000000        39.750000000000000       0.43347514734870951        0.0000000000000000      -0.47838217946914119     
  -40.000000000000000        47.750000000000000       0.45633380063784496        0.0000000000000000      -0.45670008733073753     
  -40.000000000000000        55.750000000000000       0.46318477305440509        0.0000000000000000      -0.44963475217731058     
  -40.000000000000000        63.750000000000000       0.45306605980502668        0.0000000000000000      -0.46008960300761931     

  -32.000000000000000       -56.250000000000000      -0.48809874009680071       -0.0000000000000000      -0.41980743915119784     
  -32.000000000000000       -48.250000000000000      -0.49172685713281622       -0.0000000000000000      -0.41560375176858350     
  -32.000000000000000       -40.250000000000000      -0.47914199887118214       -0.0000000000000000      -0.42983889397044717     
  -32.000000000000000       -32.250000000000000      -0.44675989638976771       -0.0000000000000000      -0.46338062711601696     
  -32.000000000000000       -24.250000000000000      -0.38743263788852100       -0.0000000000000000      -0.51372991748040520     
  -32.000000000000000       -16.250000000000000      -0.29479241133097306       -0.0000000000000000      -0.57174559076659504     
  -32.000000000000000       -8.2500000000000000      -0.16623097072889192       -0.0000000000000000      -0.62139262721369259     
  -32.000000000000000      -0.25000000000000000       -1.3553144569760053E-002  -0.0000000000000000      -0.64305590148558267     
  -32.000000000000000        7.7500000000000000       0.14800172377854945        0.0000000000000000      -0.62598517078568106     
  -32.000000000000000        15.750000000000000       0.28059516490172121        0.0000000000000000      -0.57883630253803153     
  -32.000000000000000        23.750000000000000       0.37768834024893583        0.0000000000000000      -0.52090850282296552     
  -32.000000000000000        31.750000000000000       0.44102932735155825        0.0000000000000000      -0.46880213379704538     
  -32.000000000000000        39.750000000000000       0.47643896287878768        0.0000000000000000      -0.43279098598703108     
  -32.000000000000000        47.750000000000000       0.49150522613080633        0.0000000000000000      -0.41574602003118993     
  -32.000000000000000        55.750000000000000       0.48967699328253367        0.0000000000000000      -0.41792245938258266     
  -32.000000000000000        63.750000000000000       0.46943592256527172        0.0000000000000000      -0.44144714902733700     

  -24.000000000000000       -56.250000000000000      -0.50163182905764525       -0.0000000000000000      -0.35751046686812421     
  -24.000000000000000       -48.250000000000000      -0.51038540283199507       -0.0000000000000000      -0.34472662629328843     
  -24.000000000000000       -40.250000000000000      -0.50555418314674960       -0.0000000000000000      -0.35132788107471929     
  -24.000000000000000       -32.250000000000000      -0.48293481508636177       -0.0000000000000000      -0.38132023865973380     
  -24.000000000000000       -24.250000000000000      -0.43473115847134314       -0.0000000000000000      -0.43457950803474527     
  -24.000000000000000       -16.250000000000000      -0.34660962953966123       -0.0000000000000000      -0.50634338427427061     
  -24.000000000000000       -8.2500000000000000      -0.20361965362158721       -0.0000000000000000      -0.57886796800545270     
  -24.000000000000000      -0.25000000000000000       -1.6877609256490116E-002  -0.0000000000000000      -0.61464301738909677     
  -24.000000000000000        7.7500000000000000       0.18193317983195698        0.0000000000000000      -0.58625684171975667     
  -24.000000000000000        15.750000000000000       0.33184517427089616        0.0000000000000000      -0.51596361779125921     
  -24.000000000000000        23.750000000000000       0.42622989303686859        0.0000000000000000      -0.44281108328237884     
  -24.000000000000000        31.750000000000000       0.47843347388615842        0.0000000000000000      -0.38683172718030684     
  -24.000000000000000        39.750000000000000       0.50423958024076287        0.0000000000000000      -0.35315351958643293     
  -24.000000000000000        47.750000000000000       0.51092164774418702        0.0000000000000000      -0.34371355676773591     
  -24.000000000000000        55.750000000000000       0.50376541616393589        0.0000000000000000      -0.35438778645943536     
  -24.000000000000000        63.750000000000000       0.47962700774828226        0.0000000000000000      -0.38816883500767330     

  -16.000000000000000       -56.250000000000000      -0.24343515079016848       -0.0000000000000000      -0.16451149170705900     
  -16.000000000000000       -48.250000000000000      -0.24972061306984020       -0.0000000000000000      -0.15012985876977758     
  -16.000000000000000       -40.250000000000000      -0.25357168474816688       -0.0000000000000000      -0.13821096239348621     
  -16.000000000000000       -32.250000000000000      -0.24712088434489798       -0.0000000000000000      -0.14106617923483034     
  -16.000000000000000       -24.250000000000000      -0.22772471286250767       -0.0000000000000000      -0.14815551173565750     
  -16.000000000000000       -16.250000000000000      -0.19925687766201602       -0.0000000000000000      -0.19012113881865617     
  -16.000000000000000       -8.2500000000000000      -0.11576014490560323       -0.0000000000000000      -0.28533311151229751     
  -16.000000000000000      -0.25000000000000000       -8.8838370641033532E-003  -0.0000000000000000      -0.31284397165364702     
  -16.000000000000000        7.7500000000000000       0.10154610310824397        0.0000000000000000      -0.29258559175448301     
  -16.000000000000000        15.750000000000000       0.19451581998459211        0.0000000000000000      -0.20241890475807306     
  -16.000000000000000        23.750000000000000       0.22352494159820416        0.0000000000000000      -0.14981627985088489     
  -16.000000000000000        31.750000000000000       0.24592374578606929        0.0000000000000000      -0.14124638097295469     
  -16.000000000000000        39.750000000000000       0.25351792467906326        0.0000000000000000      -0.13755007418636120     
  -16.000000000000000        47.750000000000000       0.25055372927642777        0.0000000000000000      -0.14796804363937230     
  -16.000000000000000        55.750000000000000       0.24477582844866827        0.0000000000000000      -0.16137507757955599     
  -16.000000000000000        63.750000000000000       0.23172975998820308        0.0000000000000000      -0.19119966962857612     

  -8.0000000000000000       -56.250000000000000       -6.4895274782846082E-003  -0.0000000000000000       -2.4666744670755587E-002
  -8.0000000000000000       -48.250000000000000       -8.0222160391139122E-003  -0.0000000000000000       -2.0779226189610926E-002
  -8.0000000000000000       -40.250000000000000       -9.3625965161699028E-003  -0.0000000000000000       -1.5256664661169492E-002
  -8.0000000000000000       -32.250000000000000       -9.2339196435459667E-003  -0.0000000000000000       -6.6249051849604041E-003
  -8.0000000000000000       -24.250000000000000       -1.7513561197367061E-002  -0.0000000000000000       -3.8315849260100844E-003
  -8.0000000000000000       -16.250000000000000       -2.7966636657080837E-003  -0.0000000000000000       -1.8186319349332698E-002
  -8.0000000000000000       -8.2500000000000000        7.2230944555663219E-003   0.0000000000000000       -8.8659141511178603E-003
  -8.0000000000000000      -0.25000000000000000        7.6255710831620602E-004   0.0000000000000000       -1.0631859239347601E-002
  -8.0000000000000000        7.7500000000000000       -6.1456909670596811E-003  -0.0000000000000000       -8.5521685237473447E-003
  -8.0000000000000000        15.750000000000000       -1.5064929071757936E-003  -0.0000000000000000       -1.9466201639233415E-002
  -8.0000000000000000        23.750000000000000        2.2544855301003759E-002   0.0000000000000000       -1.6065055688962140E-003
  -8.0000000000000000        31.750000000000000        9.1751222410115518E-003   0.0000000000000000       -5.7633584718043531E-003
  -8.0000000000000000        39.750000000000000        9.4331275363874634E-003   0.0000000000000000       -1.3976929454071613E-002
  -8.0000000000000000        47.750000000000000        8.7037363617291780E-003   0.0000000000000000       -1.7634320726029905E-002
  -8.0000000000000000        55.750000000000000        6.8561596109518209E-003   0.0000000000000000       -2.3825539629911463E-002
  -8.0000000000000000        63.750000000000000        3.5822921525889249E-003   0.0000000000000000       -3.0490551062095760E-002

   0.0000000000000000       -56.250000000000000       -1.5913512402420558E-003  -0.0000000000000000       -3.3039139212212494E-003
   0.0000000000000000       -48.250000000000000       -7.6454497321011409E-004  -0.0000000000000000       -3.6390204121616496E-003
   0.0000000000000000       -40.250000000000000       -2.0811520715218536E-004  -0.0000000000000000       -1.5320365146932781E-003
   0.0000000000000000       -32.250000000000000       -3.1413855861532641E-004  -0.0000000000000000       -6.1088769606771861E-004
   0.0000000000000000       -24.250000000000000       -4.5022146150946176E-003  -0.0000000000000000        9.5294207884309944E-003
   0.0000000000000000       -16.250000000000000        8.4566768362788827E-003   0.0000000000000000       -2.9342717341995831E-003
   0.0000000000000000       -8.2500000000000000       -5.3741405648768496E-003  -0.0000000000000000       -5.2410370648381345E-003
   0.0000000000000000      -0.25000000000000000       -5.3593546582665977E-004  -0.0000000000000000       -8.8100605532613289E-003
   0.0000000000000000        7.7500000000000000        5.0306409449651307E-003   0.0000000000000000       -6.2342458656836873E-003
   0.0000000000000000        15.750000000000000       -5.8775223882176911E-003  -0.0000000000000000       -7.8626228907714094E-004
   0.0000000000000000        23.750000000000000       -7.0494140133664323E-004  -0.0000000000000000        9.3651081593941980E-003
   0.0000000000000000        31.750000000000000        5.3352298607474522E-004   0.0000000000000000       -7.6675098683800320E-004
   0.0000000000000000        39.750000000000000        1.3536134204379767E-005   0.0000000000000000       -1.5147977711479636E-003
   0.0000000000000000        47.750000000000000        6.4798126430535294E-004   0.0000000000000000       -3.9837430835632107E-003
   0.0000000000000000        55.750000000000000        1.4118692085824632E-003   0.0000000000000000       -3.1537702357908285E-003
   0.0000000000000000        63.750000000000000        3.2742715481135533E-003   0.0000000000000000       -4.5490811024070888E-003

   8.0000000000000000       -56.250000000000000       -1.1922561011730615E-003  -0.0000000000000000        1.9831889591430400E-005
   8.0000000000000000       -48.250000000000000       -8.0140112298871836E-004  -0.0000000000000000       -2.4153013020286928E-003
   8.0000000000000000       -40.250000000000000        3.6060025180255996E-004   0.0000000000000000        9.3883456298586164E-004
   8.0000000000000000       -32.250000000000000       -1.9412364246932078E-004  -0.0000000000000000       -1.8818906495918122E-004
   8.0000000000000000       -24.250000000000000       -3.2348649718424933E-003  -0.0000000000000000        4.7698473473547550E-003
   8.0000000000000000       -16.250000000000000        6.9517062320501796E-003   0.0000000000000000       -4.2623043188313031E-003
   8.0000000000000000       -8.2500000000000000       -7.3963473935631614E-003  -0.0000000000000000       -7.1217884652607245E-003
   8.0000000000000000      -0.25000000000000000       -4.9337635065201265E-004  -0.0000000000000000       -1.1717697905185837E-002
   8.0000000000000000        7.7500000000000000        7.1605346514214329E-003   0.0000000000000000       -8.1680267049085500E-003
   8.0000000000000000        15.750000000000000       -4.2274010008651348E-003  -0.0000000000000000       -3.7822918448978601E-003
   8.0000000000000000        23.750000000000000        4.5355905304775236E-004   0.0000000000000000        6.7183445007617335E-003
   8.0000000000000000        31.750000000000000        3.9940255580204581E-004   0.0000000000000000       -1.2687968126943842E-004
   8.0000000000000000        39.750000000000000       -3.4176095982480550E-004  -0.0000000000000000        2.6297973610604108E-004
   8.0000000000000000        47.750000000000000        1.0158309722127293E-003   0.0000000000000000       -3.1037338317911095E-003
   8.0000000000000000        55.750000000000000        1.0499096553460768E-003   0.0000000000000000       -1.5879203388284962E-005
   8.0000000000000000        63.750000000000000        2.3713556003784977E-003   0.0000000000000000        7.4955216009543887E-004

   16.000000000000000       -56.250000000000000       -3.6016329284753766E-004  -0.0000000000000000        2.6809598099142431E-004
   16.000000000000000       -48.250000000000000       -3.4141089013428735E-004  -0.0000000000000000       -7.6988302438025656E-004
   16.000000000000000       -40.250000000000000        1.2252374425078877E-004   0.0000000000000000        5.1177276338128371E-004
   16.000000000000000       -32.250000000000000        1.0545098220396110E-004   0.0000000000000000       -3.8607823637819630E-004
   16.000000000000000       -24.250000000000000       -1.2938519013728526E-003  -0.0000000000000000       -7.4256597663063342E-005
   16.000000000000000       -16.250000000000000        6.2363930979338041E-003   0.0000000000000000        5.2827692257559804E-003
   16.000000000000000       -8.2500000000000000        2.2250106081118954E-003   0.0000000000000000       -8.8608483523814762E-004
   16.000000000000000      -0.25000000000000000       -3.0971049619099399E-004  -0.0000000000000000       -6.0907733592671133E-003
   16.000000000000000        7.7500000000000000       -1.1242453592610552E-003  -0.0000000000000000       -1.7721593417814128E-003
   16.000000000000000        15.750000000000000       -7.7893773065388274E-003  -0.0000000000000000        4.7526345928415705E-003
   16.000000000000000        23.750000000000000        1.6561358676834960E-003   0.0000000000000000        5.9795683334780971E-005
   16.000000000000000        31.750000000000000        4.4371803485933616E-005   0.0000000000000000       -3.6749903956356371E-004
   16.000000000000000        39.750000000000000       -1.8369782032678477E-004  -0.0000000000000000        3.2580891020818153E-004
   16.000000000000000        47.750000000000000        5.4861422141066389E-004   0.0000000000000000       -1.1098641385847850E-003
   16.000000000000000        55.750000000000000        3.2299552687489296E-004   0.0000000000000000        2.2591959951535160E-004
   16.000000000000000        63.750000000000000        5.5340275503446977E-004   0.0000000000000000        8.2544483409436838E-004

   24.000000000000000       -56.250000000000000       -1.1658903252869326E-004  -0.0000000000000000        6.1789459533392215E-005
   24.000000000000000       -48.250000000000000       -9.7407079906991286E-005  -0.0000000000000000       -1.2409504901410539E-004
   24.000000000000000       -40.250000000000000       -5.3700167219297502E-005  -0.0000000000000000        5.6242877507559611E-005
   24.000000000000000       -32.250000000000000        2.0098651160557545E-004   0.0000000000000000       -1.5326454104938952E-004
   24.000000000000000       -24.250000000000000       -8.2185314278346240E-005  -0.0000000000000000       -4.9719636472120663E-005
   24.000000000000000       -16.250000000000000       -6.9155023451021884E-004  -0.0000000000000000       -7.9643389709578867E-005
   24.000000000000000       -8.2500000000000000       -2.0807937220453717E-004  -0.0000000000000000        2.0052114673115048E-003
   24.000000000000000      -0.25000000000000000        1.8291644156539420E-004   0.0000000000000000        4.8896774120642068E-003
   24.000000000000000        7.7500000000000000       -2.5875734237502577E-005  -0.0000000000000000        2.5468730215711926E-003
   24.000000000000000        15.750000000000000        7.8777569642842263E-004   0.0000000000000000       -9.5656409887808286E-005
   24.000000000000000        23.750000000000000        1.5224740271063496E-004   0.0000000000000000        3.1446916193792095E-005
   24.000000000000000        31.750000000000000       -1.8441531499866837E-004  -0.0000000000000000       -2.1109939308778955E-004
   24.000000000000000        39.750000000000000        5.8991425926731532E-005   0.0000000000000000        7.8701293751062636E-005
   24.000000000000000        47.750000000000000        2.2276592575806747E-004   0.0000000000000000       -3.6232864778462670E-004
   24.000000000000000        55.750000000000000        1.0363648842911312E-004   0.0000000000000000        5.4955438636399675E-005
   24.000000000000000        63.750000000000000        2.1614937670251183E-004   0.0000000000000000        1.5511907457834445E-004

   32.000000000000000       -56.250000000000000       -4.9178708113242219E-005  -0.0000000000000000        1.4329075913789318E-005
   32.000000000000000       -48.250000000000000        3.5948256295494626E-006   0.0000000000000000        4.3868257853339626E-005
   32.000000000000000       -40.250000000000000        9.5504639621867853E-005   0.0000000000000000        1.2710728979824793E-004
   32.000000000000000       -32.250000000000000       -1.0676861442264002E-004  -0.0000000000000000       -2.1188211834719028E-005
   32.000000000000000       -24.250000000000000        1.7747969306716944E-005   0.0000000000000000       -1.6648772520866194E-004
   32.000000000000000       -16.250000000000000       -3.1875277758122643E-005  -0.0000000000000000       -7.7973656323193513E-005
   32.000000000000000       -8.2500000000000000        4.8356170329012133E-006   0.0000000000000000        8.1006071345498225E-008
   32.000000000000000      -0.25000000000000000       -5.5534604300484029E-006  -0.0000000000000000       -4.3014484659432609E-006
   32.000000000000000        7.7500000000000000       -2.1557216699441860E-006  -0.0000000000000000        1.1603941482873181E-006
   32.000000000000000        15.750000000000000        2.4586633087202723E-005   0.0000000000000000       -5.3978202727169704E-005
   32.000000000000000        23.750000000000000        1.0657360558864527E-005   0.0000000000000000       -1.7634395701192633E-004
   32.000000000000000        31.750000000000000        4.1257995219603480E-005   0.0000000000000000       -2.9582690530094164E-005
   32.000000000000000        39.750000000000000       -1.1702868038276706E-004  -0.0000000000000000        1.5972822241890270E-004
   32.000000000000000        47.750000000000000        2.4467149294744263E-005   0.0000000000000000       -2.0083405440864944E-006
   32.000000000000000        55.750000000000000        4.4603658977994730E-005   0.0000000000000000        1.4280356573300341E-005
   32.000000000000000        63.750000000000000        8.6512082923070958E-005   0.0000000000000000        1.4920762415626781E-005

   40.000000000000000       -56.250000000000000       -2.8234576306686930E-005  -0.0000000000000000        2.6187946615051473E-005
   40.000000000000000       -48.250000000000000       -7.0928586739437436E-006  -0.0000000000000000        3.4340332166195801E-005
   40.000000000000000       -40.250000000000000       -3.5647523869517040E-005  -0.0000000000000000       -5.9657975900508318E-006
   40.000000000000000       -32.250000000000000        4.6880944355402923E-005   0.0000000000000000        7.3844344498552535E-005
   40.000000000000000       -24.250000000000000       -1.2308227270671151E-004  -0.0000000000000000        4.6694108527298778E-006
   40.000000000000000       -16.250000000000000        6.8684759289877183E-005   0.0000000000000000       -7.4519813830726641E-005
   40.000000000000000       -8.2500000000000000        1.5483751565971035E-005   0.0000000000000000       -6.3556663388341899E-005
   40.000000000000000      -0.25000000000000000       -1.4811331068620700E-006  -0.0000000000000000       -2.5285197085745824E-005
   40.000000000000000        7.7500000000000000       -8.5320897648579653E-006  -0.0000000000000000       -5.8243034195918190E-005
   40.000000000000000        15.750000000000000       -6.9005044995509686E-005  -0.0000000000000000       -7.2943066896782611E-005
   40.000000000000000        23.750000000000000        1.0929081755494848E-004   0.0000000000000000       -1.3321663082359833E-005
   40.000000000000000        31.750000000000000       -3.7790923923223419E-005  -0.0000000000000000        6.7380795729963985E-005
   40.000000000000000        39.750000000000000        1.7659756945776497E-005   0.0000000000000000        1.0413476063083581E-005
   40.000000000000000        47.750000000000000        1.8998436656145909E-006   0.0000000000000000        3.8649314291480227E-005
   40.000000000000000        55.750000000000000        2.6011523146365514E-005   0.0000000000000000        2.6637057278574989E-005
   40.000000000000000        63.750000000000000        4.5320208217696523E-005   0.0000000000000000        2.1590888375870759E-005

   48.000000000000000       -56.250000000000000       -1.1858862561892967E-005  -0.0000000000000000        3.8428146156768239E-005
   48.000000000000000       -48.250000000000000        2.0146862201138158E-006   0.0000000000000000        3.9894033798550711E-005
   48.000000000000000       -40.250000000000000        4.9957740052718799E-006   0.0000000000000000        3.5110099437370021E-005
   48.000000000000000       -32.250000000000000        1.2599925559424087E-005   0.0000000000000000        4.1247819076309307E-005
   48.000000000000000       -24.250000000000000        2.9289900338897847E-005   0.0000000000000000        4.9492118986415935E-005
   48.000000000000000       -16.250000000000000       -1.6264044152538215E-006  -0.0000000000000000        4.5153677427398322E-005
   48.000000000000000       -8.2500000000000000       -1.2237898847493203E-005  -0.0000000000000000        1.0089936940059201E-004
   48.000000000000000      -0.25000000000000000       -1.6379445263105055E-006  -0.0000000000000000        1.2619079454549779E-004
   48.000000000000000        7.7500000000000000        1.2330030441278611E-005   0.0000000000000000        1.0797874131945377E-004
   48.000000000000000        15.750000000000000        3.2745800487311529E-006   0.0000000000000000        4.7742960553466822E-005
   48.000000000000000        23.750000000000000       -2.5244013920088319E-005  -0.0000000000000000        4.8062152880590452E-005
   48.000000000000000        31.750000000000000       -1.9370265409223806E-005  -0.0000000000000000        4.5666804307263470E-005
   48.000000000000000        39.750000000000000        5.4554941091577368E-007   0.0000000000000000        3.0155037490695737E-005
   48.000000000000000        47.750000000000000       -3.4891839677396736E-006  -0.0000000000000000        3.9961140424932396E-005
   48.000000000000000        55.750000000000000        9.8923245879039566E-006   0.0000000000000000        3.8780302103240717E-005
   48.000000000000000        63.750000000000000        2.7132267645079660E-005   0.0000000000000000        3.4465586330577497E-005

   56.000000000000000       -56.250000000000000       -5.4304197679334735E-005  -0.0000000000000000        5.6774686033947033E-005
   56.000000000000000       -48.250000000000000       -4.9562288916960930E-005  -0.0000000000000000        5.9310675818416826E-005
   56.000000000000000       -40.250000000000000       -4.7282128320737817E-005  -0.0000000000000000        6.3241264666048951E-005
   56.000000000000000       -32.250000000000000       -4.7218338225034833E-005  -0.0000000000000000        6.5211195173668957E-005
   56.000000000000000       -24.250000000000000       -3.3495678219214287E-005  -0.0000000000000000        7.3676016881347249E-005
   56.000000000000000       -16.250000000000000       -1.7239298055669879E-005  -0.0000000000000000        8.2976246485512325E-005
   56.000000000000000       -8.2500000000000000       -1.1049389960984025E-005  -0.0000000000000000        8.6944883970673542E-005
   56.000000000000000      -0.25000000000000000       -1.0790845280861474E-006  -0.0000000000000000        8.8929046308107741E-005
   56.000000000000000        7.7500000000000000        1.0116226547798182E-005   0.0000000000000000        8.7329351831101176E-005
   56.000000000000000        15.750000000000000        1.6274233031414075E-005   0.0000000000000000        8.3614487242796148E-005
   56.000000000000000        23.750000000000000        3.0642131258023421E-005   0.0000000000000000        7.5276013450661743E-005
   56.000000000000000        31.750000000000000        4.7390339446437476E-005   0.0000000000000000        6.5231299896302086E-005
   56.000000000000000        39.750000000000000        4.6548861662696017E-005   0.0000000000000000        6.4157836018528483E-005
   56.000000000000000        47.750000000000000        4.9250406609643956E-005   0.0000000000000000        5.9673408202920382E-005
   56.000000000000000        55.750000000000000        5.3469572336565828E-005   0.0000000000000000        5.7079109193564557E-005
   56.000000000000000        63.750000000000000        6.2120692646716290E-005   0.0000000000000000        5.4517490933680000E-005

   64.000000000000000       -56.250000000000000        1.0449098162810646E-004   0.0000000000000000       -1.1868030233558054E-004
   64.000000000000000       -48.250000000000000        8.5233345614642484E-005   0.0000000000000000       -1.2846683399886941E-004
   64.000000000000000       -40.250000000000000        7.1452622224802193E-005   0.0000000000000000       -1.3514633037706658E-004
   64.000000000000000       -32.250000000000000        6.2681761686742140E-005   0.0000000000000000       -1.4099143924582944E-004
   64.000000000000000       -24.250000000000000        4.8625289128847819E-005   0.0000000000000000       -1.4996601458505801E-004
   64.000000000000000       -16.250000000000000        3.4703597079006696E-005   0.0000000000000000       -1.5724666908776381E-004
   64.000000000000000       -8.2500000000000000        2.1450817638284003E-005   0.0000000000000000       -1.6051567039005810E-004
   64.000000000000000      -0.25000000000000000        1.9158363202423793E-006   0.0000000000000000       -1.6174963577350696E-004
   64.000000000000000        7.7500000000000000       -1.9312106250056622E-005  -0.0000000000000000       -1.6078200694571440E-004
   64.000000000000000        15.750000000000000       -3.3306029413161030E-005  -0.0000000000000000       -1.5778919938629429E-004
   64.000000000000000        23.750000000000000       -4.6463332028312138E-005  -0.0000000000000000       -1.5121053290892484E-004
   64.000000000000000        31.750000000000000       -6.1608263281936126E-005  -0.0000000000000000       -1.4176395976437915E-004
   64.000000000000000        39.750000000000000       -7.0160897198795881E-005  -0.0000000000000000       -1.3589794339541732E-004
   64.000000000000000        47.750000000000000       -8.3150954658329197E-005  -0.0000000000000000       -1.2943150956259674E-004
   64.000000000000000        55.750000000000000       -1.0190511965359271E-004  -0.0000000000000000       -1.2011489353719533E-004
   64.000000000000000        63.750000000000000       -1.2325833102838816E-004  -0.0000000000000000       -1.0703038152880216E-004

