  -64.000000000000000       -56.250000000000000      -0.42438955691401931       -0.0000000000000000      -0.48642627805123578     
  -64.000000000000000       -48.250000000000000      -0.38965787732904805       -0.0000000000000000      -0.51457260770279478     
  -64.000000000000000       -40.250000000000000      -0.34675239214758680       -0.0000000000000000      -0.54436971618639896     
  -64.000000000000000       -32.250000000000000      -0.29348754833170410       -0.0000000000000000      -0.57485007844221103     
  -64.000000000000000       -24.250000000000000      -0.23291373066629559       -0.0000000000000000      -0.60196219008930330     
  -64.000000000000000       -16.250000000000000      -0.16365676271964799       -0.0000000000000000      -0.62436072133434772     
  -64.000000000000000       -8.2500000000000000       -8.7073963598246665E-002  -0.0000000000000000      -0.63955757605441343     
  -64.000000000000000      -0.25000000000000000       -6.9267977578611542E-003  -0.0000000000000000      -0.64540460856348891     
  -64.000000000000000        7.7500000000000000        7.7146463979387209E-002   0.0000000000000000      -0.64083136039205724     
  -64.000000000000000        15.750000000000000       0.15443900723422682        0.0000000000000000      -0.62670485872518367     
  -64.000000000000000        23.750000000000000       0.22477034276829169        0.0000000000000000      -0.60505005984094606     
  -64.000000000000000        31.750000000000000       0.28634903166283215        0.0000000000000000      -0.57844394149027045     
  -64.000000000000000        39.750000000000000       0.34078087276006075        0.0000000000000000      -0.54812750863205761     
  -64.000000000000000        47.750000000000000       0.38475639801413991        0.0000000000000000      -0.51823852166718087     
  -64.000000000000000        55.750000000000000       0.42046990889013336        0.0000000000000000      -0.48980630205330000     
  -64.000000000000000        63.750000000000000       0.44864105894741646        0.0000000000000000      -0.46413597800308504     

  -56.000000000000000       -56.250000000000000      -0.45341708764100397       -0.0000000000000000      -0.45945809318721487     
  -56.000000000000000       -48.250000000000000      -0.42136207210296306       -0.0000000000000000      -0.48897311141842170     
  -56.000000000000000       -40.250000000000000      -0.37927812100268182       -0.0000000000000000      -0.52228084178201417     
  -56.000000000000000       -32.250000000000000      -0.32437264333823557       -0.0000000000000000      -0.55806748540439621     
  -56.000000000000000       -24.250000000000000      -0.25971784222923439       -0.0000000000000000      -0.59093925566680749     
  -56.000000000000000       -16.250000000000000      -0.18378960373156650       -0.0000000000000000      -0.61875730634458903     
  -56.000000000000000       -8.2500000000000000       -9.8242136791894127E-002  -0.0000000000000000      -0.63793851352799424     
  -56.000000000000000      -0.25000000000000000       -7.8281058207284454E-003  -0.0000000000000000      -0.64537911741040166     
  -56.000000000000000        7.7500000000000000        8.7074836985126178E-002   0.0000000000000000      -0.63955670946564391     
  -56.000000000000000        15.750000000000000       0.17356422987232306        0.0000000000000000      -0.62170047883221824     
  -56.000000000000000        23.750000000000000       0.25088703345088431        0.0000000000000000      -0.59473967436110042     
  -56.000000000000000        31.750000000000000       0.31685593413539637        0.0000000000000000      -0.56237269981981219     
  -56.000000000000000        39.750000000000000       0.37325508227635368        0.0000000000000000      -0.52660443372922583     
  -56.000000000000000        47.750000000000000       0.41667457280880821        0.0000000000000000      -0.49296879388251935     
  -56.000000000000000        55.750000000000000       0.44991776243073217        0.0000000000000000      -0.46288102594996527     
  -56.000000000000000        63.750000000000000       0.47413368782526666        0.0000000000000000      -0.43793483869195166     

  -48.000000000000000       -56.250000000000000      -0.48422414859716689       -0.0000000000000000      -0.42678159777138908     
  -48.000000000000000       -48.250000000000000      -0.45637401208585687       -0.0000000000000000      -0.45639474031691352     
  -48.000000000000000       -40.250000000000000      -0.41683672475495670       -0.0000000000000000      -0.49276348472464282     
  -48.000000000000000       -32.250000000000000      -0.36187147692213861       -0.0000000000000000      -0.53447094276288643     
  -48.000000000000000       -24.250000000000000      -0.29398360164563464       -0.0000000000000000      -0.57463446003429630     
  -48.000000000000000       -16.250000000000000      -0.21076759598867900       -0.0000000000000000      -0.61008281230966266     
  -48.000000000000000       -8.2500000000000000      -0.11372989891664384       -0.0000000000000000      -0.63535791535437558     
  -48.000000000000000      -0.25000000000000000       -9.0960755703101710E-003  -0.0000000000000000      -0.64535540496501109     
  -48.000000000000000        7.7500000000000000       0.10088410126024219        0.0000000000000000      -0.63752278920730232     
  -48.000000000000000        15.750000000000000       0.19932480124635435        0.0000000000000000      -0.61391552732158405     
  -48.000000000000000        23.750000000000000       0.28448405452679976        0.0000000000000000      -0.57939519925515837     
  -48.000000000000000        31.750000000000000       0.35413504329201284        0.0000000000000000      -0.53963253194874583     
  -48.000000000000000        39.750000000000000       0.41097865052699489        0.0000000000000000      -0.49766339944787519     
  -48.000000000000000        47.750000000000000       0.45210927885082475        0.0000000000000000      -0.46061534143469546     
  -48.000000000000000        55.750000000000000       0.48132095870296820        0.0000000000000000      -0.43004966763992497     
  -48.000000000000000        63.750000000000000       0.50029584439415997        0.0000000000000000      -0.40768656462995162     

  -40.000000000000000       -56.250000000000000      -0.51666287937310973       -0.0000000000000000      -0.38686244634894013     
  -40.000000000000000       -48.250000000000000      -0.49441321957762624       -0.0000000000000000      -0.41486757456262230     
  -40.000000000000000       -40.250000000000000      -0.45943711239604579       -0.0000000000000000      -0.45329113426875195     
  -40.000000000000000       -32.250000000000000      -0.40673818613535800       -0.0000000000000000      -0.50115991089678957     
  -40.000000000000000       -24.250000000000000      -0.33742624973559088       -0.0000000000000000      -0.55024525987064465     
  -40.000000000000000       -16.250000000000000      -0.24691355755906022       -0.0000000000000000      -0.59637104710516065     
  -40.000000000000000       -8.2500000000000000      -0.13536825988797044       -0.0000000000000000      -0.63110220195904954     
  -40.000000000000000      -0.25000000000000000       -1.0898634409910003E-002  -0.0000000000000000      -0.64531123686564151     
  -40.000000000000000        7.7500000000000000       0.12024869354976485        0.0000000000000000      -0.63415537169303526     
  -40.000000000000000        15.750000000000000       0.23405484026693282        0.0000000000000000      -0.60153305241629629     
  -40.000000000000000        23.750000000000000       0.32738772057325360        0.0000000000000000      -0.55627616079136677     
  -40.000000000000000        31.750000000000000       0.39905436527774818        0.0000000000000000      -0.50730379901145473     
  -40.000000000000000        39.750000000000000       0.45402968851464626        0.0000000000000000      -0.45871129407234379     
  -40.000000000000000        47.750000000000000       0.49079123455356605        0.0000000000000000      -0.41914133712546137     
  -40.000000000000000        55.750000000000000       0.51449553899739986        0.0000000000000000      -0.38973548332143748     
  -40.000000000000000        63.750000000000000       0.52735969158816454        0.0000000000000000      -0.37203605856792848     

  -32.000000000000000       -56.250000000000000      -0.55028963852805113       -0.0000000000000000      -0.33733373265563349     
  -32.000000000000000       -48.250000000000000      -0.53453128124118654       -0.0000000000000000      -0.36172791063877840     
  -32.000000000000000       -40.250000000000000      -0.50630232549458953       -0.0000000000000000      -0.40028128503954674     
  -32.000000000000000       -32.250000000000000      -0.45930945507945031       -0.0000000000000000      -0.45346347860101033     
  -32.000000000000000       -24.250000000000000      -0.39231617706505340       -0.0000000000000000      -0.51254041924377336     
  -32.000000000000000       -16.250000000000000      -0.29631501427315021       -0.0000000000000000      -0.57337404000596393     
  -32.000000000000000       -8.2500000000000000      -0.16693248127564983       -0.0000000000000000      -0.62342674686747190     
  -32.000000000000000      -0.25000000000000000       -1.3604812035265486E-002  -0.0000000000000000      -0.64512563604484940     
  -32.000000000000000        7.7500000000000000       0.14866623391921208        0.0000000000000000      -0.62802154703014912     
  -32.000000000000000        15.750000000000000       0.28196703199588657        0.0000000000000000      -0.58056336670057773     
  -32.000000000000000        23.750000000000000       0.38213447062764327        0.0000000000000000      -0.52017093311635598     
  -32.000000000000000        31.750000000000000       0.45215098160139006        0.0000000000000000      -0.46060278982799435     
  -32.000000000000000        39.750000000000000       0.50171373209376269        0.0000000000000000      -0.40602159257306514     
  -32.000000000000000        47.750000000000000       0.53175107173080238        0.0000000000000000      -0.36579790558218667     
  -32.000000000000000        55.750000000000000       0.54890593104435237        0.0000000000000000      -0.33957370533620906     
  -32.000000000000000        63.750000000000000       0.55571631838944158        0.0000000000000000      -0.32827761486760743     

  -24.000000000000000       -56.250000000000000      -0.58365948380423871       -0.0000000000000000      -0.27500495047285417     
  -24.000000000000000       -48.250000000000000      -0.57432454810825573       -0.0000000000000000      -0.29394477801255497     
  -24.000000000000000       -40.250000000000000      -0.55472703681481572       -0.0000000000000000      -0.32943977532993363     
  -24.000000000000000       -32.250000000000000      -0.51794204794701748       -0.0000000000000000      -0.38468948306492623     
  -24.000000000000000       -24.250000000000000      -0.46008020436034247       -0.0000000000000000      -0.45228527131938245     
  -24.000000000000000       -16.250000000000000      -0.36545874154369301       -0.0000000000000000      -0.53165445539333211     
  -24.000000000000000       -8.2500000000000000      -0.21653044803028873       -0.0000000000000000      -0.60773101954384290     
  -24.000000000000000      -0.25000000000000000       -1.8080817128717591E-002  -0.0000000000000000      -0.64458460065905510     
  -24.000000000000000        7.7500000000000000       0.19379762635673983        0.0000000000000000      -0.61532157328368653     
  -24.000000000000000        15.750000000000000       0.35016152214202045        0.0000000000000000      -0.54190959458479204     
  -24.000000000000000        23.750000000000000       0.45068172924766825        0.0000000000000000      -0.46165575942058779     
  -24.000000000000000        31.750000000000000       0.51203527296997531        0.0000000000000000      -0.39250771470491597     
  -24.000000000000000        39.750000000000000       0.55136240299893446        0.0000000000000000      -0.33504398307565675     
  -24.000000000000000        47.750000000000000       0.57250221022010150        0.0000000000000000      -0.29747490499063606     
  -24.000000000000000        55.750000000000000       0.58296315082913186        0.0000000000000000      -0.27646869022790421     
  -24.000000000000000        63.750000000000000       0.58510053816989216        0.0000000000000000      -0.27199094332591256     

  -16.000000000000000       -56.250000000000000      -0.61113781121425159       -0.0000000000000000      -0.19631145199548478     
  -16.000000000000000       -48.250000000000000      -0.60701842943408346       -0.0000000000000000      -0.20866450106603690     
  -16.000000000000000       -40.250000000000000      -0.59672975159768715       -0.0000000000000000      -0.23649961358623853     
  -16.000000000000000       -32.250000000000000      -0.57429548987868428       -0.0000000000000000      -0.28659455802283257     
  -16.000000000000000       -24.250000000000000      -0.53563718466258525       -0.0000000000000000      -0.35345422678986560     
  -16.000000000000000       -16.250000000000000      -0.45903573784110940       -0.0000000000000000      -0.44851963258720418     
  -16.000000000000000       -8.2500000000000000      -0.30005996799754781       -0.0000000000000000      -0.56592530299622834     
  -16.000000000000000      -0.25000000000000000       -2.6676235924025394E-002  -0.0000000000000000      -0.63889220047986062     
  -16.000000000000000        7.7500000000000000       0.27183564108102559        0.0000000000000000      -0.57985695895229450     
  -16.000000000000000        15.750000000000000       0.44466556634447946        0.0000000000000000      -0.46258036203679481     
  -16.000000000000000        23.750000000000000       0.52911557495221795        0.0000000000000000      -0.36328270406430674     
  -16.000000000000000        31.750000000000000       0.57040219574991280        0.0000000000000000      -0.29421229741216665     
  -16.000000000000000        39.750000000000000       0.59486669886414500        0.0000000000000000      -0.24114942673054954     
  -16.000000000000000        47.750000000000000       0.60611587890968033        0.0000000000000000      -0.21127150646993423     
  -16.000000000000000        55.750000000000000       0.61089995167793920        0.0000000000000000      -0.19704174429645532     
  -16.000000000000000        63.750000000000000       0.61076101364139335        0.0000000000000000      -0.19761574928670689     

  -8.0000000000000000       -56.250000000000000      -0.58344058495423923       -0.0000000000000000       -9.5630621614663708E-002
  -8.0000000000000000       -48.250000000000000      -0.58260498589118226       -0.0000000000000000      -0.10078180080017293     
  -8.0000000000000000       -40.250000000000000      -0.58001476825899889       -0.0000000000000000      -0.11477500101281510     
  -8.0000000000000000       -32.250000000000000      -0.57220403842763534       -0.0000000000000000      -0.14802166374150252     
  -8.0000000000000000       -24.250000000000000      -0.56056973789647946       -0.0000000000000000      -0.18782014791249085     
  -8.0000000000000000       -16.250000000000000      -0.52595266380819417       -0.0000000000000000      -0.26346457211953567     
  -8.0000000000000000       -8.2500000000000000      -0.41567816843294697       -0.0000000000000000      -0.40447527651324877     
  -8.0000000000000000      -0.25000000000000000       -4.4674098456529421E-002  -0.0000000000000000      -0.57838433965710756     
  -8.0000000000000000        7.7500000000000000       0.38805724492602911        0.0000000000000000      -0.42963017205815679     
  -8.0000000000000000        15.750000000000000       0.51894590026005538        0.0000000000000000      -0.27551470018333052     
  -8.0000000000000000        23.750000000000000       0.55801322209331916        0.0000000000000000      -0.19534898849766483     
  -8.0000000000000000        31.750000000000000       0.57056066672342376        0.0000000000000000      -0.15400762140643878     
  -8.0000000000000000        39.750000000000000       0.57952333649016818        0.0000000000000000      -0.11721572487553136     
  -8.0000000000000000        47.750000000000000       0.58239038225188700        0.0000000000000000      -0.10202768711047623     
  -8.0000000000000000        55.750000000000000       0.58341560000513593        0.0000000000000000       -9.5815925311450278E-002
  -8.0000000000000000        63.750000000000000       0.58301628803715877        0.0000000000000000       -9.7932669285705432E-002

   0.0000000000000000       -56.250000000000000      -0.17918383928533813       -0.0000000000000000        5.6385718439031767E-003
   0.0000000000000000       -48.250000000000000      -0.17940388332094212       -0.0000000000000000        1.6568188380623528E-003
   0.0000000000000000       -40.250000000000000      -0.17946720954627707       -0.0000000000000000       -8.3921033929478562E-006
   0.0000000000000000       -32.250000000000000      -0.17866926765550384       -0.0000000000000000        1.1565814168402121E-003
   0.0000000000000000       -24.250000000000000      -0.17697067544548487       -0.0000000000000000        4.6960406347828715E-003
   0.0000000000000000       -16.250000000000000      -0.16250373297796072       -0.0000000000000000        7.8774171622832193E-003
   0.0000000000000000       -8.2500000000000000      -0.13148692543464102       -0.0000000000000000       -6.4140790078785329E-002
   0.0000000000000000      -0.25000000000000000       -2.7306821133473328E-002  -0.0000000000000000      -0.24793642126985319     
   0.0000000000000000        7.7500000000000000       0.14053727948443551        0.0000000000000000       -9.3127220827592644E-002
   0.0000000000000000        15.750000000000000       0.15871634357494363        0.0000000000000000        7.3313164144921108E-003
   0.0000000000000000        23.750000000000000       0.17641388853997675        0.0000000000000000        5.2745997656043790E-003
   0.0000000000000000        31.750000000000000       0.17844281849304910        0.0000000000000000        2.2952425296544803E-003
   0.0000000000000000        39.750000000000000       0.17944540767700948        0.0000000000000000       -1.1996147464244052E-004
   0.0000000000000000        47.750000000000000       0.17942936397560541        0.0000000000000000        1.3463657403891183E-003
   0.0000000000000000        55.750000000000000       0.17920052650805951        0.0000000000000000        4.9786547576937653E-003
   0.0000000000000000        63.750000000000000       0.17938913975806264        0.0000000000000000        1.1700587136260198E-002

   8.0000000000000000       -56.250000000000000       -4.9550102284640985E-003  -0.0000000000000000        5.3346774181884798E-003
   8.0000000000000000       -48.250000000000000       -5.5758075503250211E-003  -0.0000000000000000        2.8328675051416908E-003
   8.0000000000000000       -40.250000000000000       -5.7824248266758914E-003  -0.0000000000000000        1.5181359226073496E-003
   8.0000000000000000       -32.250000000000000       -4.2607508254769956E-003  -0.0000000000000000        6.0494128562808116E-003
   8.0000000000000000       -24.250000000000000       -4.7427011623163888E-003  -0.0000000000000000        2.9290729902653728E-003
   8.0000000000000000       -16.250000000000000       -8.4858467046099932E-004  -0.0000000000000000        1.5694587269925037E-003
   8.0000000000000000       -8.2500000000000000       -2.7373073395844530E-003  -0.0000000000000000       -2.1205234513148739E-002
   8.0000000000000000      -0.25000000000000000       -3.0269546707437228E-003  -0.0000000000000000       -6.3170835129574499E-002
   8.0000000000000000        7.7500000000000000        5.0754462538328731E-003   0.0000000000000000       -2.7441009015828050E-002
   8.0000000000000000        15.750000000000000        3.0964729067672772E-004   0.0000000000000000        3.7050042013655132E-004
   8.0000000000000000        23.750000000000000        4.6441222816268092E-003   0.0000000000000000        3.1710885127186508E-003
   8.0000000000000000        31.750000000000000        4.1015556735560770E-003   0.0000000000000000        6.0034627763861249E-003
   8.0000000000000000        39.750000000000000        5.7938433658448803E-003   0.0000000000000000        1.4161689265752360E-003
   8.0000000000000000        47.750000000000000        5.6148396325775719E-003   0.0000000000000000        2.6117843191675295E-003
   8.0000000000000000        55.750000000000000        5.0773262173485585E-003   0.0000000000000000        4.9461030629285290E-003
   8.0000000000000000        63.750000000000000        3.4468749267714768E-003   0.0000000000000000        8.6824346933020956E-003

   16.000000000000000       -56.250000000000000        2.4807057121741444E-004   0.0000000000000000        3.3506330944369628E-004
   16.000000000000000       -48.250000000000000        4.0573097548502092E-005   0.0000000000000000        2.6388765146174049E-004
   16.000000000000000       -40.250000000000000        3.0905880641086053E-006   0.0000000000000000        1.3526549931361874E-004
   16.000000000000000       -32.250000000000000        8.0484638247781755E-004   0.0000000000000000        1.5113146204434071E-003
   16.000000000000000       -24.250000000000000       -2.5715267264961634E-005  -0.0000000000000000       -2.4411251342416367E-004
   16.000000000000000       -16.250000000000000        1.2096985219370831E-004   0.0000000000000000       -6.3722708837510861E-005
   16.000000000000000       -8.2500000000000000       -9.2438476677583471E-005  -0.0000000000000000       -1.9519713595106348E-003
   16.000000000000000      -0.25000000000000000        1.3363454503962711E-004   0.0000000000000000       -3.5593742357355679E-003
   16.000000000000000        7.7500000000000000        1.4410673348273401E-004   0.0000000000000000       -2.2066585507094093E-003
   16.000000000000000        15.750000000000000       -1.5161683178353564E-004  -0.0000000000000000       -2.1943939761542204E-004
   16.000000000000000        23.750000000000000        1.2434616885353674E-004   0.0000000000000000       -2.3948272070011041E-004
   16.000000000000000        31.750000000000000       -6.4162392243772128E-004  -0.0000000000000000        1.0829472040551516E-003
   16.000000000000000        39.750000000000000       -5.9350478942451430E-007  -0.0000000000000000        1.1689098703202157E-004
   16.000000000000000        47.750000000000000       -3.1263706608399588E-005  -0.0000000000000000        2.4997347162141218E-004
   16.000000000000000        55.750000000000000       -2.0432928297902417E-004  -0.0000000000000000        3.3193559783635963E-004
   16.000000000000000        63.750000000000000       -7.6115347940258890E-004  -0.0000000000000000        2.6686485177324315E-004

   24.000000000000000       -56.250000000000000       -1.0810643466647570E-005  -0.0000000000000000       -6.2214349241792208E-005
   24.000000000000000       -48.250000000000000       -3.4902853767353878E-005  -0.0000000000000000       -6.7515223602428006E-006
   24.000000000000000       -40.250000000000000       -2.0994967648501023E-005  -0.0000000000000000        9.0113424682886798E-006
   24.000000000000000       -32.250000000000000        2.1524052556913845E-004   0.0000000000000000        2.8629355622576994E-004
   24.000000000000000       -24.250000000000000       -1.7043340173791691E-004  -0.0000000000000000       -1.7818432390390268E-004
   24.000000000000000       -16.250000000000000       -4.8811857063941069E-005  -0.0000000000000000        7.3436162731332945E-006
   24.000000000000000       -8.2500000000000000        2.3793239973991664E-005   0.0000000000000000       -6.8885001783737317E-005
   24.000000000000000      -0.25000000000000000        9.6109851151675397E-005   0.0000000000000000       -2.5095639748285353E-004
   24.000000000000000        7.7500000000000000       -4.8352559097209150E-005  -0.0000000000000000       -9.8069525530141728E-005
   24.000000000000000        15.750000000000000        1.1161381779268350E-004   0.0000000000000000        1.7379944450928350E-005
   24.000000000000000        23.750000000000000        9.3279293179036562E-005   0.0000000000000000       -9.1633712230861143E-005
   24.000000000000000        31.750000000000000       -2.4860945786899484E-004  -0.0000000000000000        3.1017473110186777E-004
   24.000000000000000        39.750000000000000        1.9187411647017462E-005   0.0000000000000000        8.1378855405867839E-006
   24.000000000000000        47.750000000000000        3.4280927777995777E-005   0.0000000000000000       -2.6561034430109718E-006
   24.000000000000000        55.750000000000000        1.7300230638355189E-005   0.0000000000000000       -5.2873452120252979E-005
   24.000000000000000        63.750000000000000       -6.8462743833317121E-005  -0.0000000000000000       -1.5116273941792192E-004

   32.000000000000000       -56.250000000000000       -6.1668785595466317E-005  -0.0000000000000000       -3.7578692777885350E-005
   32.000000000000000       -48.250000000000000       -6.2775938801266768E-005  -0.0000000000000000       -1.5203710910015060E-005
   32.000000000000000       -40.250000000000000       -5.1632367512515012E-005  -0.0000000000000000       -3.6389899560833284E-006
   32.000000000000000       -32.250000000000000       -3.1616725674598405E-005  -0.0000000000000000        1.4158400504275146E-005
   32.000000000000000       -24.250000000000000       -1.5311201902741301E-004  -0.0000000000000000       -8.1625823980796482E-005
   32.000000000000000       -16.250000000000000       -3.7987200305044043E-005  -0.0000000000000000       -1.8481395655021697E-005
   32.000000000000000       -8.2500000000000000        1.6016002111665722E-005   0.0000000000000000       -1.9808887351731303E-005
   32.000000000000000      -0.25000000000000000        2.5978475086893039E-006   0.0000000000000000       -5.7390670045044023E-005
   32.000000000000000        7.7500000000000000       -1.6946604780489723E-005  -0.0000000000000000       -3.1156959673340508E-005
   32.000000000000000        15.750000000000000        2.3314286312336494E-005   0.0000000000000000       -8.5879992438097894E-006
   32.000000000000000        23.750000000000000        1.6630144253069193E-004   0.0000000000000000       -9.0165691253872151E-005
   32.000000000000000        31.750000000000000        1.1293508256958247E-005   0.0000000000000000        3.3921215832099171E-005
   32.000000000000000        39.750000000000000        5.0513005615214574E-005   0.0000000000000000       -3.3728158532843506E-006
   32.000000000000000        47.750000000000000        6.1741209107292344E-005   0.0000000000000000       -1.3013268338152251E-005
   32.000000000000000        55.750000000000000        6.2840137865820175E-005   0.0000000000000000       -3.4375404317979157E-005
   32.000000000000000        63.750000000000000        4.4380894222584711E-005   0.0000000000000000       -6.2949989009797097E-005

   40.000000000000000       -56.250000000000000        3.2953904545356553E-005   0.0000000000000000       -3.6463567726410879E-005
   40.000000000000000       -48.250000000000000        3.7477133937866420E-005   0.0000000000000000       -3.0749425499349594E-005
   40.000000000000000       -40.250000000000000        4.2714378914704190E-005   0.0000000000000000       -3.1877254391337761E-005
   40.000000000000000       -32.250000000000000        3.5745387091573406E-005   0.0000000000000000       -3.7479677002143952E-005
   40.000000000000000       -24.250000000000000        4.4275377019899857E-005   0.0000000000000000       -3.1972996198685574E-005
   40.000000000000000       -16.250000000000000       -1.4963354371166281E-005  -0.0000000000000000       -6.5022945861453900E-005
   40.000000000000000       -8.2500000000000000        6.6298512271237448E-007   0.0000000000000000       -6.5650236334564084E-005
   40.000000000000000      -0.25000000000000000        9.4551616382555353E-007   0.0000000000000000       -7.0867279811497294E-005
   40.000000000000000        7.7500000000000000       -2.4063285926272170E-006  -0.0000000000000000       -6.6323971008460210E-005
   40.000000000000000        15.750000000000000        1.5442838477322532E-005   0.0000000000000000       -6.5373561835283998E-005
   40.000000000000000        23.750000000000000       -3.6548142652733908E-005  -0.0000000000000000       -3.7232663272679156E-005
   40.000000000000000        31.750000000000000       -3.5221170601127633E-005  -0.0000000000000000       -3.7758935721528270E-005
   40.000000000000000        39.750000000000000       -4.2482239837965451E-005  -0.0000000000000000       -3.2580143442472340E-005
   40.000000000000000        47.750000000000000       -3.8424688647533905E-005  -0.0000000000000000       -3.0434590100477536E-005
   40.000000000000000        55.750000000000000       -3.3071503441039347E-005  -0.0000000000000000       -3.5519713993439801E-005
   40.000000000000000        63.750000000000000       -3.6599055368011418E-005  -0.0000000000000000       -4.4143372688708549E-005

   48.000000000000000       -56.250000000000000        1.9577351778644211E-004   0.0000000000000000       -1.4168228534829636E-004
   48.000000000000000       -48.250000000000000        1.9197421976090712E-004   0.0000000000000000       -1.5417973940450591E-004
   48.000000000000000       -40.250000000000000        1.7897565401502744E-004   0.0000000000000000       -1.7042047716286194E-004
   48.000000000000000       -32.250000000000000        1.5971312261137827E-004   0.0000000000000000       -1.8746205383218787E-004
   48.000000000000000       -24.250000000000000        1.3535063250308751E-004   0.0000000000000000       -2.0409423547741203E-004
   48.000000000000000       -16.250000000000000        1.0525515597088585E-004   0.0000000000000000       -2.1826937428171019E-004
   48.000000000000000       -8.2500000000000000        5.5062644673691569E-005   0.0000000000000000       -2.3385707322015725E-004
   48.000000000000000      -0.25000000000000000        4.5341402711572114E-006   0.0000000000000000       -2.4021319843245723E-004
   48.000000000000000        7.7500000000000000       -4.8678670886325067E-005  -0.0000000000000000       -2.3521629045773139E-004
   48.000000000000000        15.750000000000000       -9.9570979452475190E-005  -0.0000000000000000       -2.2047982861356019E-004
   48.000000000000000        23.750000000000000       -1.3227604974975121E-004  -0.0000000000000000       -2.0579021432911367E-004
   48.000000000000000        31.750000000000000       -1.5701140276684158E-004  -0.0000000000000000       -1.8959013942886963E-004
   48.000000000000000        39.750000000000000       -1.7676092635834453E-004  -0.0000000000000000       -1.7255814131634004E-004
   48.000000000000000        47.750000000000000       -1.9091138423823706E-004  -0.0000000000000000       -1.5604766937295857E-004
   48.000000000000000        55.750000000000000       -1.9564470339729175E-004  -0.0000000000000000       -1.4300635531285419E-004
   48.000000000000000        63.750000000000000       -1.9515203799374536E-004  -0.0000000000000000       -1.3412702326924504E-004

   56.000000000000000       -56.250000000000000       -1.9021740591684133E-004  -0.0000000000000000        1.7320967183377545E-004
   56.000000000000000       -48.250000000000000       -1.7692768339553977E-004  -0.0000000000000000        1.8685522480347576E-004
   56.000000000000000       -40.250000000000000       -1.6074275909441397E-004  -0.0000000000000000        2.0120104528403444E-004
   56.000000000000000       -32.250000000000000       -1.4018159714350759E-004  -0.0000000000000000        2.1598447017568098E-004
   56.000000000000000       -24.250000000000000       -1.1465409753854640E-004  -0.0000000000000000        2.3046900791218373E-004
   56.000000000000000       -16.250000000000000       -8.3482798090726045E-005  -0.0000000000000000        2.4363166228385554E-004
   56.000000000000000       -8.2500000000000000       -4.5997470718400267E-005  -0.0000000000000000        2.5402288373591476E-004
   56.000000000000000      -0.25000000000000000       -3.8951559786325199E-006  -0.0000000000000000        2.5858805303199039E-004
   56.000000000000000        7.7500000000000000        4.0927988268056504E-005   0.0000000000000000        2.5497853659463358E-004
   56.000000000000000        15.750000000000000        7.9143622000776498E-005   0.0000000000000000        2.4513050479151689E-004
   56.000000000000000        23.750000000000000        1.1107710424435872E-004   0.0000000000000000        2.3221005834744653E-004
   56.000000000000000        31.750000000000000        1.3727876873890972E-004   0.0000000000000000        2.1782870697714137E-004
   56.000000000000000        39.750000000000000        1.5842109183230959E-004   0.0000000000000000        2.0303896645348373E-004
   56.000000000000000        47.750000000000000        1.7511504710340564E-004   0.0000000000000000        1.8860486632342997E-004
   56.000000000000000        55.750000000000000        1.8862386301688017E-004   0.0000000000000000        1.7489603751019467E-004
   56.000000000000000        63.750000000000000        2.0129458574357935E-004   0.0000000000000000        1.6134404898008407E-004

   64.000000000000000       -56.250000000000000        5.6856319830005584E-005   0.0000000000000000       -5.4594542631394353E-005
   64.000000000000000       -48.250000000000000        5.2217886499729078E-005   0.0000000000000000       -5.8839825787669511E-005
   64.000000000000000       -40.250000000000000        4.6904165714977700E-005   0.0000000000000000       -6.3115098297508894E-005
   64.000000000000000       -32.250000000000000        4.0483875762086729E-005   0.0000000000000000       -6.7422021411578178E-005
   64.000000000000000       -24.250000000000000        3.2707297784205298E-005   0.0000000000000000       -7.1564827624387149E-005
   64.000000000000000       -16.250000000000000        2.3465027232619161E-005   0.0000000000000000       -7.5217540674685668E-005
   64.000000000000000       -8.2500000000000000        1.2793834699872554E-005   0.0000000000000000       -7.7906068460625944E-005
   64.000000000000000      -0.25000000000000000        1.0785434706565306E-006   0.0000000000000000       -7.9027219438508204E-005
   64.000000000000000        7.7500000000000000       -1.1373985567215520E-005  -0.0000000000000000       -7.8143765189505861E-005
   64.000000000000000        15.750000000000000       -2.2205833553565650E-005  -0.0000000000000000       -7.5618194248572543E-005
   64.000000000000000        23.750000000000000       -3.1633218066420424E-005  -0.0000000000000000       -7.2056222798741861E-005
   64.000000000000000        31.750000000000000       -3.9589275706573128E-005  -0.0000000000000000       -6.7954420085863970E-005
   64.000000000000000        39.750000000000000       -4.6169169484158070E-005  -0.0000000000000000       -6.3654164814173510E-005
   64.000000000000000        47.750000000000000       -5.1600469391354989E-005  -0.0000000000000000       -5.9370391168926734E-005
   64.000000000000000        55.750000000000000       -5.6298462163472716E-005  -0.0000000000000000       -5.5128414012535319E-005
   64.000000000000000        63.750000000000000       -6.0646843689816593E-005  -0.0000000000000000       -5.0791888237492315E-005

