  -64.000000000000000       -56.250000000000000      -0.42552474699451737       -0.0000000000000000      -0.48516249925122290     
  -64.000000000000000       -48.250000000000000      -0.39014285178697128       -0.0000000000000000      -0.51402028363500896     
  -64.000000000000000       -40.250000000000000      -0.34669468482416016       -0.0000000000000000      -0.54428701934428891     
  -64.000000000000000       -32.250000000000000      -0.29453664353386516       -0.0000000000000000      -0.57423009780979994     
  -64.000000000000000       -24.250000000000000      -0.23250788597070399       -0.0000000000000000      -0.60203097526923754     
  -64.000000000000000       -16.250000000000000      -0.16289355682079848       -0.0000000000000000      -0.62448452812435973     
  -64.000000000000000       -8.2500000000000000       -8.6659111609120557E-002  -0.0000000000000000      -0.63954607601133362     
  -64.000000000000000      -0.25000000000000000       -6.8850771612132934E-003  -0.0000000000000000      -0.64534067403442552     
  -64.000000000000000        7.7500000000000000        7.6779254107753825E-002   0.0000000000000000      -0.64080825662724183     
  -64.000000000000000        15.750000000000000       0.15378083761180258        0.0000000000000000      -0.62679284507895794     
  -64.000000000000000        23.750000000000000       0.22402721991052443        0.0000000000000000      -0.60523843089011009     
  -64.000000000000000        31.750000000000000       0.28717593099555166        0.0000000000000000      -0.57794613857280908     
  -64.000000000000000        39.750000000000000       0.34066464902114013        0.0000000000000000      -0.54808703140423265     
  -64.000000000000000        47.750000000000000       0.38516740318276899        0.0000000000000000      -0.51775815488020049     
  -64.000000000000000        55.750000000000000       0.42151800601742806        0.0000000000000000      -0.48864449318638181     
  -64.000000000000000        63.750000000000000       0.45043569824932783        0.0000000000000000      -0.46205382718720139     

  -56.000000000000000       -56.250000000000000      -0.45530108072863690       -0.0000000000000000      -0.45735767238864550     
  -56.000000000000000       -48.250000000000000      -0.42231230709163264       -0.0000000000000000      -0.48800767046320970     
  -56.000000000000000       -40.250000000000000      -0.37954058598279683       -0.0000000000000000      -0.52200787497065981     
  -56.000000000000000       -32.250000000000000      -0.32588498877871735       -0.0000000000000000      -0.55713390496856108     
  -56.000000000000000       -24.250000000000000      -0.25973466502038584       -0.0000000000000000      -0.59087644442279585     
  -56.000000000000000       -16.250000000000000      -0.18339866001027155       -0.0000000000000000      -0.61883354497512733     
  -56.000000000000000       -8.2500000000000000       -9.8077547206876559E-002  -0.0000000000000000      -0.63793569953160822     
  -56.000000000000000      -0.25000000000000000       -7.8072038740462785E-003  -0.0000000000000000      -0.64535685026114875     
  -56.000000000000000        7.7500000000000000        8.6933678348457194E-002   0.0000000000000000      -0.63954883074961333     
  -56.000000000000000        15.750000000000000       0.17327901792745729        0.0000000000000000      -0.62174277119339738     
  -56.000000000000000        23.750000000000000       0.25053654447117235        0.0000000000000000      -0.59483369261784691     
  -56.000000000000000        31.750000000000000       0.31814580027976608        0.0000000000000000      -0.56158888411426677     
  -56.000000000000000        39.750000000000000       0.37345114965774329        0.0000000000000000      -0.52638954289740592     
  -56.000000000000000        47.750000000000000       0.41752489315334257        0.0000000000000000      -0.49211346135339373     
  -56.000000000000000        55.750000000000000       0.45167204555973467        0.0000000000000000      -0.46094732121077719     
  -56.000000000000000        63.750000000000000       0.47703065965831165        0.0000000000000000      -0.43446659188180553     

  -48.000000000000000       -56.250000000000000      -0.48697202218097213       -0.0000000000000000      -0.42345008736058143     
  -48.000000000000000       -48.250000000000000      -0.45781891312634343       -0.0000000000000000      -0.45485059159241831     
  -48.000000000000000       -40.250000000000000      -0.41734708850095420       -0.0000000000000000      -0.49230014054955323     
  -48.000000000000000       -32.250000000000000      -0.36369685883496899       -0.0000000000000000      -0.53322320099896492     
  -48.000000000000000       -24.250000000000000      -0.29422186569410064       -0.0000000000000000      -0.57449382784991876     
  -48.000000000000000       -16.250000000000000      -0.21055684155955651       -0.0000000000000000      -0.61014652608710940     
  -48.000000000000000       -8.2500000000000000      -0.11369819402943242       -0.0000000000000000      -0.63536239940532724     
  -48.000000000000000      -0.25000000000000000       -9.0857216159705902E-003  -0.0000000000000000      -0.64535914470322331     
  -48.000000000000000        7.7500000000000000       0.10086406888002296        0.0000000000000000      -0.63752558467347864     
  -48.000000000000000        15.750000000000000       0.19922896464836126        0.0000000000000000      -0.61393966141971046     
  -48.000000000000000        23.750000000000000       0.28431789864527240        0.0000000000000000      -0.57945913772080293     
  -48.000000000000000        31.750000000000000       0.35573139876285292        0.0000000000000000      -0.53857053557211920     
  -48.000000000000000        39.750000000000000       0.41140171405104031        0.0000000000000000      -0.49728868182635882     
  -48.000000000000000        47.750000000000000       0.45341634789644963        0.0000000000000000      -0.45924422428282535     
  -48.000000000000000        55.750000000000000       0.48388661127873256        0.0000000000000000      -0.42698071704788043     
  -48.000000000000000        63.750000000000000       0.50447791786709018        0.0000000000000000      -0.40220634568410202     

  -40.000000000000000       -56.250000000000000      -0.52019979193699573       -0.0000000000000000      -0.38193040553951679     
  -40.000000000000000       -48.250000000000000      -0.49630282015816513       -0.0000000000000000      -0.41255249664964827     
  -40.000000000000000       -40.250000000000000      -0.46013693536445577       -0.0000000000000000      -0.45259220032084996     
  -40.000000000000000       -32.250000000000000      -0.40878784213867153       -0.0000000000000000      -0.49952007375224389     
  -40.000000000000000       -24.250000000000000      -0.33775669341230724       -0.0000000000000000      -0.55004978625904299     
  -40.000000000000000       -16.250000000000000      -0.24674552286513646       -0.0000000000000000      -0.59645006716708571     
  -40.000000000000000       -8.2500000000000000      -0.13538123094432961       -0.0000000000000000      -0.63111386081212084     
  -40.000000000000000      -0.25000000000000000       -1.0890724221824064E-002  -0.0000000000000000      -0.64533125629410604     
  -40.000000000000000        7.7500000000000000       0.12027079583651450        0.0000000000000000      -0.63416643584934151     
  -40.000000000000000        15.750000000000000       0.23401714760852116        0.0000000000000000      -0.60155900007139140     
  -40.000000000000000        23.750000000000000       0.32726838561156135        0.0000000000000000      -0.55635355957626065     
  -40.000000000000000        31.750000000000000       0.40086947683074303        0.0000000000000000      -0.50589696804766371     
  -40.000000000000000        39.750000000000000       0.45461738968868953        0.0000000000000000      -0.45814605408989395     
  -40.000000000000000        47.750000000000000       0.49250624373338681        0.0000000000000000      -0.41708285355869029     
  -40.000000000000000        55.750000000000000       0.51780177455949017        0.0000000000000000      -0.38518477476642887     
  -40.000000000000000        63.750000000000000       0.53272560978971617        0.0000000000000000      -0.36401255699976132     

  -32.000000000000000       -56.250000000000000      -0.55420441020372135       -0.0000000000000000      -0.33071556739602670     
  -32.000000000000000       -48.250000000000000      -0.53664788627808979       -0.0000000000000000      -0.35855252696699880     
  -32.000000000000000       -40.250000000000000      -0.50711141087604572       -0.0000000000000000      -0.39929127285302124     
  -32.000000000000000       -32.250000000000000      -0.46155450696397859       -0.0000000000000000      -0.45123510611972240     
  -32.000000000000000       -24.250000000000000      -0.39271923093385391       -0.0000000000000000      -0.51226003762915306     
  -32.000000000000000       -16.250000000000000      -0.29616642777037622       -0.0000000000000000      -0.57348953716484852     
  -32.000000000000000       -8.2500000000000000      -0.16695700445479625       -0.0000000000000000      -0.62341883781417218     
  -32.000000000000000      -0.25000000000000000       -1.3594016476064896E-002  -0.0000000000000000      -0.64513857043114686     
  -32.000000000000000        7.7500000000000000       0.14869941156500485        0.0000000000000000      -0.62801663041447131     
  -32.000000000000000        15.750000000000000       0.28196496568511037        0.0000000000000000      -0.58059860263399554     
  -32.000000000000000        23.750000000000000       0.38203995430305249        0.0000000000000000      -0.52026968860583411     
  -32.000000000000000        31.750000000000000       0.45417329185548133        0.0000000000000000      -0.45866197048224056     
  -32.000000000000000        39.750000000000000       0.50239750459173449        0.0000000000000000      -0.40521601442093902     
  -32.000000000000000        47.750000000000000       0.53367726351517242        0.0000000000000000      -0.36296517328631944     
  -32.000000000000000        55.750000000000000       0.55256766293859938        0.0000000000000000      -0.33345276656858663     
  -32.000000000000000        63.750000000000000       0.56166521106326051        0.0000000000000000      -0.31766527387819687     

  -24.000000000000000       -56.250000000000000      -0.58728166308612939       -0.0000000000000000      -0.26736332469120377     
  -24.000000000000000       -48.250000000000000      -0.57635043424557586       -0.0000000000000000      -0.29023266649399992     
  -24.000000000000000       -40.250000000000000      -0.55559025997582701       -0.0000000000000000      -0.32828590800877938     
  -24.000000000000000       -32.250000000000000      -0.52042268795434032       -0.0000000000000000      -0.38163414697445663     
  -24.000000000000000       -24.250000000000000      -0.46071033276180240       -0.0000000000000000      -0.45185292430703150     
  -24.000000000000000       -16.250000000000000      -0.36511187514256066       -0.0000000000000000      -0.53185052339760674     
  -24.000000000000000       -8.2500000000000000      -0.21666547385729878       -0.0000000000000000      -0.60787735665267251     
  -24.000000000000000      -0.25000000000000000       -1.8087074605945809E-002  -0.0000000000000000      -0.64499167637516619     
  -24.000000000000000        7.7500000000000000       0.19397842986460495        0.0000000000000000      -0.61552238731436004     
  -24.000000000000000        15.750000000000000       0.34993708795385442        0.0000000000000000      -0.54194473098927098     
  -24.000000000000000        23.750000000000000       0.45078674486030568        0.0000000000000000      -0.46172534089195466     
  -24.000000000000000        31.750000000000000       0.51434800271433956        0.0000000000000000      -0.38977678298193152     
  -24.000000000000000        39.750000000000000       0.55211225138021269        0.0000000000000000      -0.33411084386122653     
  -24.000000000000000        47.750000000000000       0.57435991039795253        0.0000000000000000      -0.29415894237992340     
  -24.000000000000000        55.750000000000000       0.58635880310423938        0.0000000000000000      -0.26939055218830149     
  -24.000000000000000        63.750000000000000       0.59057727170410423        0.0000000000000000      -0.25985112939185678     

  -16.000000000000000       -56.250000000000000      -0.61523382083411360       -0.0000000000000000      -0.18968367440028575     
  -16.000000000000000       -48.250000000000000      -0.61008942733730176       -0.0000000000000000      -0.20570965023117938     
  -16.000000000000000       -40.250000000000000      -0.59903727412694452       -0.0000000000000000      -0.23602870263913320     
  -16.000000000000000       -32.250000000000000      -0.57842867611641813       -0.0000000000000000      -0.28280245304891921     
  -16.000000000000000       -24.250000000000000      -0.53724395410243642       -0.0000000000000000      -0.35449102066310395     
  -16.000000000000000       -16.250000000000000      -0.46091679639572042       -0.0000000000000000      -0.44961849063307230     
  -16.000000000000000       -8.2500000000000000      -0.30131477222731595       -0.0000000000000000      -0.56791217064227351     
  -16.000000000000000      -0.25000000000000000       -2.6794280932216915E-002  -0.0000000000000000      -0.64109452406135459     
  -16.000000000000000        7.7500000000000000       0.27297575103883603        0.0000000000000000      -0.58186543062602958     
  -16.000000000000000        15.750000000000000       0.44685803554622333        0.0000000000000000      -0.46359786723315594     
  -16.000000000000000        23.750000000000000       0.52992559733996125        0.0000000000000000      -0.36523587537982705     
  -16.000000000000000        31.750000000000000       0.57454601877566780        0.0000000000000000      -0.29058608896642629     
  -16.000000000000000        39.750000000000000       0.59709743676040239        0.0000000000000000      -0.24090061959945397     
  -16.000000000000000        47.750000000000000       0.60907828813162546        0.0000000000000000      -0.20869382212011675     
  -16.000000000000000        55.750000000000000       0.61485012879175582        0.0000000000000000      -0.19093567140906684     
  -16.000000000000000        63.750000000000000       0.61606669561056604        0.0000000000000000      -0.18685033936310841     

  -8.0000000000000000       -56.250000000000000      -0.61475040051066132       -0.0000000000000000       -9.5957241506849145E-002
  -8.0000000000000000       -48.250000000000000      -0.61351700076609894       -0.0000000000000000      -0.10375970646582863     
  -8.0000000000000000       -40.250000000000000      -0.61053489514988368       -0.0000000000000000      -0.12015019883384208     
  -8.0000000000000000       -32.250000000000000      -0.60447487465984251       -0.0000000000000000      -0.14749194582652858     
  -8.0000000000000000       -24.250000000000000      -0.58965042956077207       -0.0000000000000000      -0.19779407652676706     
  -8.0000000000000000       -16.250000000000000      -0.55474355082107352       -0.0000000000000000      -0.27921957703221922     
  -8.0000000000000000       -8.2500000000000000      -0.44218569776375416       -0.0000000000000000      -0.42552116490996605     
  -8.0000000000000000      -0.25000000000000000       -4.8225520491733766E-002  -0.0000000000000000      -0.60212471720126215     
  -8.0000000000000000        7.7500000000000000       0.41373298580332912        0.0000000000000000      -0.45131500728083651     
  -8.0000000000000000        15.750000000000000       0.54714305862459878        0.0000000000000000      -0.29261324444348152     
  -8.0000000000000000        23.750000000000000       0.58713818252384276        0.0000000000000000      -0.20519372888027643     
  -8.0000000000000000        31.750000000000000       0.60308991098694342        0.0000000000000000      -0.15290987814738044     
  -8.0000000000000000        39.750000000000000       0.60999252284134842        0.0000000000000000      -0.12287279417954809     
  -8.0000000000000000        47.750000000000000       0.61325480211008976        0.0000000000000000      -0.10531725572098298     
  -8.0000000000000000        55.750000000000000       0.61467226597378732        0.0000000000000000       -9.6490421280500893E-002
  -8.0000000000000000        63.750000000000000       0.61474875235074955        0.0000000000000000       -9.5686378190436350E-002

   0.0000000000000000       -56.250000000000000      -0.34201246648311007       -0.0000000000000000        1.9406629125221563E-003
   0.0000000000000000       -48.250000000000000      -0.34228089341763979       -0.0000000000000000        5.7507376258154820E-004
   0.0000000000000000       -40.250000000000000      -0.34231014638027146       -0.0000000000000000        9.5270415154233556E-005
   0.0000000000000000       -32.250000000000000      -0.34203174986013335       -0.0000000000000000       -5.8660530795864169E-005
   0.0000000000000000       -24.250000000000000      -0.34045909772867389       -0.0000000000000000        2.5699601875565402E-003
   0.0000000000000000       -16.250000000000000      -0.33289392906113985       -0.0000000000000000        4.7828831124467393E-003
   0.0000000000000000       -8.2500000000000000      -0.28612005303611887       -0.0000000000000000       -1.7902529106856604E-002
   0.0000000000000000      -0.25000000000000000       -5.6291646074922728E-002  -0.0000000000000000      -0.35216537111592294     
   0.0000000000000000        7.7500000000000000       0.27442896993820037        0.0000000000000000       -3.5109113284065900E-002
   0.0000000000000000        15.750000000000000       0.33016876239574322        0.0000000000000000        4.9751022001558749E-003
   0.0000000000000000        23.750000000000000       0.34035416160190557        0.0000000000000000        2.5999734920163133E-003
   0.0000000000000000        31.750000000000000       0.34189588530416604        0.0000000000000000        3.2436584873403289E-005
   0.0000000000000000        39.750000000000000       0.34229730154016108        0.0000000000000000        6.9678701283045950E-005
   0.0000000000000000        47.750000000000000       0.34229701386716194        0.0000000000000000        4.7705681979108897E-004
   0.0000000000000000        55.750000000000000       0.34205885142191972        0.0000000000000000        1.7060467773495941E-003
   0.0000000000000000        63.750000000000000       0.34163026578558858        0.0000000000000000        4.1682011622326334E-003

   8.0000000000000000       -56.250000000000000       -1.7810994384753358E-002  -0.0000000000000000        8.6191446122954578E-003
   8.0000000000000000       -48.250000000000000       -1.8447039062688908E-002  -0.0000000000000000        4.9996782091820827E-003
   8.0000000000000000       -40.250000000000000       -1.8684158778051366E-002  -0.0000000000000000        3.7338817811680132E-003
   8.0000000000000000       -32.250000000000000       -1.8394036154929332E-002  -0.0000000000000000        4.2594687701676013E-003
   8.0000000000000000       -24.250000000000000       -1.5844842994971568E-002  -0.0000000000000000        8.1574007848329369E-003
   8.0000000000000000       -16.250000000000000       -1.1183613129085508E-002  -0.0000000000000000        1.0713132872296700E-002
   8.0000000000000000       -8.2500000000000000       -2.0356314837078932E-003  -0.0000000000000000       -6.6372402440585693E-003
   8.0000000000000000      -0.25000000000000000       -4.8444300347566820E-004  -0.0000000000000000       -5.2180167118595112E-002
   8.0000000000000000        7.7500000000000000        1.6344683133710436E-003   0.0000000000000000       -1.1678510498861882E-002
   8.0000000000000000        15.750000000000000        1.0135455796119604E-002   0.0000000000000000        9.9209565163587664E-003
   8.0000000000000000        23.750000000000000        1.5438592646465599E-002   0.0000000000000000        8.7952772676327638E-003
   8.0000000000000000        31.750000000000000        1.8081134634254384E-002   0.0000000000000000        5.1759949264809152E-003
   8.0000000000000000        39.750000000000000        1.8686265214311940E-002   0.0000000000000000        3.6972857035370865E-003
   8.0000000000000000        47.750000000000000        1.8496593444011142E-002   0.0000000000000000        4.7299231634310174E-003
   8.0000000000000000        55.750000000000000        1.7918902996162590E-002   0.0000000000000000        8.0125710659868614E-003
   8.0000000000000000        63.750000000000000        1.6691928964642840E-002   0.0000000000000000        1.4202797006191554E-002

   16.000000000000000       -56.250000000000000        4.9838537258244159E-006   0.0000000000000000        1.0024501123443411E-003
   16.000000000000000       -48.250000000000000       -1.9454535989151119E-004  -0.0000000000000000        5.7198566222802047E-004
   16.000000000000000       -40.250000000000000       -2.7530190722058293E-004  -0.0000000000000000        2.6178115107742075E-004
   16.000000000000000       -32.250000000000000       -2.6627821693221736E-004  -0.0000000000000000        2.1420617055984621E-004
   16.000000000000000       -24.250000000000000       -1.0264307756985997E-004  -0.0000000000000000       -7.2660692526604177E-005
   16.000000000000000       -16.250000000000000       -4.5766843399090992E-005  -0.0000000000000000        2.6377768923644237E-004
   16.000000000000000       -8.2500000000000000        4.2161301169972608E-004   0.0000000000000000       -1.0832510113969877E-003
   16.000000000000000      -0.25000000000000000        2.7798893129549857E-004   0.0000000000000000       -2.7917220868316594E-003
   16.000000000000000        7.7500000000000000       -3.8635192678325377E-004  -0.0000000000000000       -1.3922481217031213E-003
   16.000000000000000        15.750000000000000       -2.7753417987271487E-006  -0.0000000000000000        2.6280595810454092E-004
   16.000000000000000        23.750000000000000       -1.5416179683759823E-004  -0.0000000000000000        1.9076255396710098E-004
   16.000000000000000        31.750000000000000        1.1184193349660546E-004   0.0000000000000000        4.8780420726309915E-004
   16.000000000000000        39.750000000000000        2.8449104570551007E-004   0.0000000000000000        2.3244031930831898E-004
   16.000000000000000        47.750000000000000        2.0689000889503089E-004   0.0000000000000000        5.2622752870079429E-004
   16.000000000000000        55.750000000000000        3.5202012530507806E-005   0.0000000000000000        9.4339173577224491E-004
   16.000000000000000        63.750000000000000       -4.9660861752071723E-004  -0.0000000000000000        1.4292909582453237E-003

   24.000000000000000       -56.250000000000000        3.1722564814781621E-005   0.0000000000000000        4.9015286479858700E-005
   24.000000000000000       -48.250000000000000        2.5820717500406054E-005   0.0000000000000000        5.0006330356981478E-005
   24.000000000000000       -40.250000000000000        2.5840469106114142E-005   0.0000000000000000        1.4855226772754833E-005
   24.000000000000000       -32.250000000000000        7.0320621774484517E-006   0.0000000000000000       -1.3349772898272878E-005
   24.000000000000000       -24.250000000000000       -1.8339000692766817E-004  -0.0000000000000000       -2.3965683436174285E-004
   24.000000000000000       -16.250000000000000        1.5127281396271286E-004   0.0000000000000000       -1.4848388961401622E-004
   24.000000000000000       -8.2500000000000000       -9.7630601389728895E-005  -0.0000000000000000        9.6461245447621155E-005
   24.000000000000000      -0.25000000000000000        9.2320242708680882E-005   0.0000000000000000        1.1061116361886626E-004
   24.000000000000000        7.7500000000000000        1.0763540817585569E-004   0.0000000000000000        1.2086444217610681E-004
   24.000000000000000        15.750000000000000       -1.6695719268518743E-004  -0.0000000000000000       -1.1356771227743104E-004
   24.000000000000000        23.750000000000000        2.1998214923798685E-004   0.0000000000000000       -2.8884499153614373E-004
   24.000000000000000        31.750000000000000       -3.7593928711296313E-005  -0.0000000000000000        2.4927380517229000E-005
   24.000000000000000        39.750000000000000       -2.3454710231973554E-005  -0.0000000000000000        8.5255894934766179E-006
   24.000000000000000        47.750000000000000       -2.6700495629778486E-005  -0.0000000000000000        4.7415318298739775E-005
   24.000000000000000        55.750000000000000       -2.8710520897153632E-005  -0.0000000000000000        5.1449268089022771E-005
   24.000000000000000        63.750000000000000       -8.2564031580123978E-005  -0.0000000000000000        9.8288388293491088E-006

   32.000000000000000       -56.250000000000000       -2.7110769746608985E-005  -0.0000000000000000       -2.5915243444535060E-006
   32.000000000000000       -48.250000000000000       -1.3467894148423781E-005  -0.0000000000000000        1.1351034702775721E-005
   32.000000000000000       -40.250000000000000       -5.5769143877274053E-006  -0.0000000000000000        8.1244192740706323E-006
   32.000000000000000       -32.250000000000000       -1.6987130909714586E-005  -0.0000000000000000        5.9235319292172565E-007
   32.000000000000000       -24.250000000000000        2.8282058466430425E-005   0.0000000000000000        3.6770843584638303E-005
   32.000000000000000       -16.250000000000000       -1.0578166136740680E-004  -0.0000000000000000       -5.2143476849943367E-005
   32.000000000000000       -8.2500000000000000        4.2197963421601319E-006   0.0000000000000000       -4.3843254047760673E-005
   32.000000000000000      -0.25000000000000000        1.0260381485595001E-005   0.0000000000000000       -6.9660371904267237E-005
   32.000000000000000        7.7500000000000000       -9.7863287486817407E-006  -0.0000000000000000       -4.7575471353189123E-005
   32.000000000000000        15.750000000000000        9.2324755539446103E-005   0.0000000000000000       -4.7268187223201388E-005
   32.000000000000000        23.750000000000000        6.4589078181519504E-006   0.0000000000000000        1.0404093054412456E-005
   32.000000000000000        31.750000000000000        1.5829200856400248E-005   0.0000000000000000        2.2821949849322054E-006
   32.000000000000000        39.750000000000000        6.4018567748910047E-006   0.0000000000000000        6.6668678172578454E-006
   32.000000000000000        47.750000000000000        1.1621143877705363E-005   0.0000000000000000        1.1941507533407238E-005
   32.000000000000000        55.750000000000000        2.5824277882129208E-005   0.0000000000000000       -3.1732053903291356E-008
   32.000000000000000        63.750000000000000        3.0237241571671109E-005   0.0000000000000000       -2.6396290759275485E-005

   40.000000000000000       -56.250000000000000       -4.3665443071648458E-005  -0.0000000000000000        4.5887633129950901E-005
   40.000000000000000       -48.250000000000000       -2.6960134659300122E-005  -0.0000000000000000        5.4062222887273130E-005
   40.000000000000000       -40.250000000000000       -2.0088990697894063E-005  -0.0000000000000000        5.5386339129381540E-005
   40.000000000000000       -32.250000000000000       -1.7923539206336517E-005  -0.0000000000000000        5.7533351548447436E-005
   40.000000000000000       -24.250000000000000       -3.5748783889951890E-006  -0.0000000000000000        6.7321957069392747E-005
   40.000000000000000       -16.250000000000000       -1.4535456971789467E-005  -0.0000000000000000        6.2069342890224913E-005
   40.000000000000000       -8.2500000000000000       -2.6672592546554834E-005  -0.0000000000000000        5.7635127988345853E-005
   40.000000000000000      -0.25000000000000000       -2.1817883320767090E-006  -0.0000000000000000        5.9395138624004470E-005
   40.000000000000000        7.7500000000000000        2.4221601260899298E-005   0.0000000000000000        5.8049772094422799E-005
   40.000000000000000        15.750000000000000        1.9950117055625233E-005   0.0000000000000000        5.9907133121822221E-005
   40.000000000000000        23.750000000000000       -1.9610752929809873E-006  -0.0000000000000000        7.0727161887275844E-005
   40.000000000000000        31.750000000000000        1.7297421820606206E-005   0.0000000000000000        5.8015348745115434E-005
   40.000000000000000        39.750000000000000        2.0055926906642921E-005   0.0000000000000000        5.5416325512139310E-005
   40.000000000000000        47.750000000000000        2.5345730057745969E-005   0.0000000000000000        5.4536562197413312E-005
   40.000000000000000        55.750000000000000        4.1436187251874150E-005   0.0000000000000000        4.7312643362971849E-005
   40.000000000000000        63.750000000000000        5.8318644745515779E-005   0.0000000000000000        3.3201432422130509E-005

   48.000000000000000       -56.250000000000000       -7.6320342869401668E-006  -0.0000000000000000        1.9694147083453616E-005
   48.000000000000000       -48.250000000000000       -4.0399571883389966E-006  -0.0000000000000000        1.9881667555124952E-005
   48.000000000000000       -40.250000000000000       -3.8101270900446013E-006  -0.0000000000000000        1.9758864401427765E-005
   48.000000000000000       -32.250000000000000       -1.9583108953052374E-006  -0.0000000000000000        2.0374041442932458E-005
   48.000000000000000       -24.250000000000000       -2.8894304761248050E-007  -0.0000000000000000        2.1201244289235341E-005
   48.000000000000000       -16.250000000000000        1.9765405590720934E-006   0.0000000000000000        2.4337522003063165E-005
   48.000000000000000       -8.2500000000000000        1.2368429079413855E-006   0.0000000000000000        2.8050513079738564E-005
   48.000000000000000      -0.25000000000000000       -5.0178491468414258E-008  -0.0000000000000000        3.0042455522436145E-005
   48.000000000000000        7.7500000000000000       -8.3943266243621293E-007  -0.0000000000000000        2.8408120808141102E-005
   48.000000000000000        15.750000000000000       -2.3793617054738446E-006  -0.0000000000000000        2.4938000121038837E-005
   48.000000000000000        23.750000000000000        1.7812716433808039E-007   0.0000000000000000        2.1353181703595804E-005
   48.000000000000000        31.750000000000000        1.7099896428495940E-006   0.0000000000000000        2.0452181610402833E-005
   48.000000000000000        39.750000000000000        3.6549448696080070E-006   0.0000000000000000        1.9823730785903555E-005
   48.000000000000000        47.750000000000000        3.9828963421873824E-006   0.0000000000000000        1.9818798683424077E-005
   48.000000000000000        55.750000000000000        6.8139278167264817E-006   0.0000000000000000        1.9838517926536649E-005
   48.000000000000000        63.750000000000000        1.6432186953762578E-005   0.0000000000000000        1.7282067095925775E-005

   56.000000000000000       -56.250000000000000       -4.1968428007602769E-007  -0.0000000000000000       -5.2987044209403177E-006
   56.000000000000000       -48.250000000000000       -1.9044531586683643E-006  -0.0000000000000000       -5.7962047680297156E-006
   56.000000000000000       -40.250000000000000       -2.7987008887116502E-006  -0.0000000000000000       -5.9112278629839439E-006
   56.000000000000000       -32.250000000000000       -3.4315500063921259E-006  -0.0000000000000000       -5.8337303499930983E-006
   56.000000000000000       -24.250000000000000       -3.7006685768294048E-006  -0.0000000000000000       -5.5989552198779051E-006
   56.000000000000000       -16.250000000000000       -3.2483088003071486E-006  -0.0000000000000000       -5.3371872080940805E-006
   56.000000000000000       -8.2500000000000000       -1.9645924910932555E-006  -0.0000000000000000       -5.1883948442937405E-006
   56.000000000000000      -0.25000000000000000       -1.6682865261564737E-007  -0.0000000000000000       -5.1354712911470275E-006
   56.000000000000000        7.7500000000000000        1.7542044639522762E-006   0.0000000000000000       -5.1762026385748306E-006
   56.000000000000000        15.750000000000000        3.1326273424506255E-006   0.0000000000000000       -5.3127717361527431E-006
   56.000000000000000        23.750000000000000        3.6896679952126180E-006   0.0000000000000000       -5.5632080920352616E-006
   56.000000000000000        31.750000000000000        3.4921396667722570E-006   0.0000000000000000       -5.8118900272632516E-006
   56.000000000000000        39.750000000000000        2.8887406182547271E-006   0.0000000000000000       -5.9109799804016643E-006
   56.000000000000000        47.750000000000000        2.0418468926659347E-006   0.0000000000000000       -5.8254948252559409E-006
   56.000000000000000        55.750000000000000        6.4089002767540841E-007   0.0000000000000000       -5.3904931241364201E-006
   56.000000000000000        63.750000000000000       -1.3123597574246260E-006  -0.0000000000000000       -4.4051049516063369E-006

   64.000000000000000       -56.250000000000000       -8.7777287164155762E-007  -0.0000000000000000        1.8290290169232591E-006
   64.000000000000000       -48.250000000000000       -8.1539432033849215E-007  -0.0000000000000000        1.9036687859332840E-006
   64.000000000000000       -40.250000000000000       -6.5813239846827178E-007  -0.0000000000000000        1.9839016895236729E-006
   64.000000000000000       -32.250000000000000       -4.7572699106200353E-007  -0.0000000000000000        2.0406816138420870E-006
   64.000000000000000       -24.250000000000000       -2.9629734146113386E-007  -0.0000000000000000        2.0588782130787418E-006
   64.000000000000000       -16.250000000000000       -1.4432997543051126E-007  -0.0000000000000000        2.0303622427207676E-006
   64.000000000000000       -8.2500000000000000       -4.5988707951676177E-008  -0.0000000000000000        1.9705018367871938E-006
   64.000000000000000      -0.25000000000000000       -2.6402154781117174E-009  -0.0000000000000000        1.9329686552329754E-006
   64.000000000000000        7.7500000000000000        3.8144262435251134E-008   0.0000000000000000        1.9632303638002943E-006
   64.000000000000000        15.750000000000000        1.2863289699873242E-007   0.0000000000000000        2.0238473985263389E-006
   64.000000000000000        23.750000000000000        2.7525157250277162E-007   0.0000000000000000        2.0578756275606300E-006
   64.000000000000000        31.750000000000000        4.5267596231453263E-007   0.0000000000000000        2.0453402396790020E-006
   64.000000000000000        39.750000000000000        6.3593276916827240E-007   0.0000000000000000        1.9926285066710293E-006
   64.000000000000000        47.750000000000000        7.9889703273731478E-007   0.0000000000000000        1.9142671791072226E-006
   64.000000000000000        55.750000000000000        8.7878086682686700E-007   0.0000000000000000        1.8363304866804054E-006
   64.000000000000000        63.750000000000000        7.7687428619040753E-007   0.0000000000000000        1.8083458317800805E-006

