  -64.000000000000000       -56.250000000000000      -0.42670002572464732       -0.0000000000000000      -0.48378943840300231     
  -64.000000000000000       -48.250000000000000      -0.39062485053904961       -0.0000000000000000      -0.51342417928283923     
  -64.000000000000000       -40.250000000000000      -0.34666203683954699       -0.0000000000000000      -0.54415280037291158     
  -64.000000000000000       -32.250000000000000      -0.29427258347105423       -0.0000000000000000      -0.57420918336939364     
  -64.000000000000000       -24.250000000000000      -0.23143606089900953       -0.0000000000000000      -0.60231506373104149     
  -64.000000000000000       -16.250000000000000      -0.16256958008429673       -0.0000000000000000      -0.62448461768618801     
  -64.000000000000000       -8.2500000000000000       -8.6284613569753130E-002  -0.0000000000000000      -0.63953803998198577     
  -64.000000000000000      -0.25000000000000000       -6.8714911076777838E-003  -0.0000000000000000      -0.64529084252137414     
  -64.000000000000000        7.7500000000000000        7.6435354423469978E-002   0.0000000000000000      -0.64079288485731289     
  -64.000000000000000        15.750000000000000       0.15328302898544641        0.0000000000000000      -0.62683379725959332     
  -64.000000000000000        23.750000000000000       0.22349258971283070        0.0000000000000000      -0.60531333718874014     
  -64.000000000000000        31.750000000000000       0.28712077038248379        0.0000000000000000      -0.57782211447031362     
  -64.000000000000000        39.750000000000000       0.34058021874147743        0.0000000000000000      -0.54798735862784964     
  -64.000000000000000        47.750000000000000       0.38557507983227235        0.0000000000000000      -0.51723630807505538     
  -64.000000000000000        55.750000000000000       0.42259730679608926        0.0000000000000000      -0.48738749053061192     
  -64.000000000000000        63.750000000000000       0.45235457420217251        0.0000000000000000      -0.45970659303194883     

  -56.000000000000000       -56.250000000000000      -0.45723425210137097       -0.0000000000000000      -0.45519246699308868     
  -56.000000000000000       -48.250000000000000      -0.42317991845219172       -0.0000000000000000      -0.48713429252161772     
  -56.000000000000000       -40.250000000000000      -0.37971093620275254       -0.0000000000000000      -0.52182958781748412     
  -56.000000000000000       -32.250000000000000      -0.32585894977928698       -0.0000000000000000      -0.55707362158333196     
  -56.000000000000000       -24.250000000000000      -0.25893493709589993       -0.0000000000000000      -0.59116664551441611     
  -56.000000000000000       -16.250000000000000      -0.18344410936475983       -0.0000000000000000      -0.61879178013306402     
  -56.000000000000000       -8.2500000000000000       -9.7930658153355485E-002  -0.0000000000000000      -0.63794790110620336     
  -56.000000000000000      -0.25000000000000000       -7.8159643198977349E-003  -0.0000000000000000      -0.64535209151979289     
  -56.000000000000000        7.7500000000000000        8.6794142138308245E-002   0.0000000000000000      -0.63955904623854121     
  -56.000000000000000        15.750000000000000       0.17312053297509239        0.0000000000000000      -0.62176066129684116     
  -56.000000000000000        23.750000000000000       0.25033783655122116        0.0000000000000000      -0.59485974590328494     
  -56.000000000000000        31.750000000000000       0.31836509206861147        0.0000000000000000      -0.56139179559938324     
  -56.000000000000000        39.750000000000000       0.37356163466930919        0.0000000000000000      -0.52625753561534894     
  -56.000000000000000        47.750000000000000       0.41828420759091678        0.0000000000000000      -0.49135806800675763     
  -56.000000000000000        55.750000000000000       0.45345367134373299        0.0000000000000000      -0.45897898482360783     
  -56.000000000000000        63.750000000000000       0.48016142459199129        0.0000000000000000      -0.43062809271381269     

  -48.000000000000000       -56.250000000000000      -0.48978700475632431       -0.0000000000000000      -0.42002699381672332     
  -48.000000000000000       -48.250000000000000      -0.45911469730951376       -0.0000000000000000      -0.45350214532919686     
  -48.000000000000000       -40.250000000000000      -0.41766386170708419       -0.0000000000000000      -0.49205702246323546     
  -48.000000000000000       -32.250000000000000      -0.36376338393280794       -0.0000000000000000      -0.53316551301427295     
  -48.000000000000000       -24.250000000000000      -0.29348612006673874       -0.0000000000000000      -0.57485562227978793     
  -48.000000000000000       -16.250000000000000      -0.21077927140278171       -0.0000000000000000      -0.61007584168079665     
  -48.000000000000000       -8.2500000000000000      -0.11364991559417660       -0.0000000000000000      -0.63538471148704112     
  -48.000000000000000      -0.25000000000000000       -9.1066304006597026E-003  -0.0000000000000000      -0.64537333591142132     
  -48.000000000000000        7.7500000000000000       0.10081248009744555        0.0000000000000000      -0.63754817648594297     
  -48.000000000000000        15.750000000000000       0.19921700308705254        0.0000000000000000      -0.61394992665971071     
  -48.000000000000000        23.750000000000000       0.28425189739228773        0.0000000000000000      -0.57947774630215976     
  -48.000000000000000        31.750000000000000       0.35607334189008788        0.0000000000000000      -0.53833302272533745     
  -48.000000000000000        39.750000000000000       0.41163786583474921        0.0000000000000000      -0.49711817064412545     
  -48.000000000000000        47.750000000000000       0.45455826544077554        0.0000000000000000      -0.45808513514866639     
  -48.000000000000000        55.750000000000000       0.48648524864825310        0.0000000000000000      -0.42387286185793033     
  -48.000000000000000        63.750000000000000       0.50900715624470283        0.0000000000000000      -0.39612073139765969     

  -40.000000000000000       -56.250000000000000      -0.52382612733848777       -0.0000000000000000      -0.37681952930264151     
  -40.000000000000000       -48.250000000000000      -0.49800825372045426       -0.0000000000000000      -0.41050843927919634     
  -40.000000000000000       -40.250000000000000      -0.46059036973486789       -0.0000000000000000      -0.45221396372454842     
  -40.000000000000000       -32.250000000000000      -0.40891046479476362       -0.0000000000000000      -0.49945185255412561     
  -40.000000000000000       -24.250000000000000      -0.33701355638384722       -0.0000000000000000      -0.55051619297262622     
  -40.000000000000000       -16.250000000000000      -0.24707743683490652       -0.0000000000000000      -0.59633264991605073     
  -40.000000000000000       -8.2500000000000000      -0.13537722980789332       -0.0000000000000000      -0.63112930064701445     
  -40.000000000000000      -0.25000000000000000       -1.0920405737806466E-002  -0.0000000000000000      -0.64533966753068706     
  -40.000000000000000        7.7500000000000000       0.12025732969850669        0.0000000000000000      -0.63418321670144551     
  -40.000000000000000        15.750000000000000       0.23407771147184148        0.0000000000000000      -0.60155339110062789     
  -40.000000000000000        23.750000000000000       0.32726688791453284        0.0000000000000000      -0.55636351288910635     
  -40.000000000000000        31.750000000000000       0.40129507018730370        0.0000000000000000      -0.50559097770840444     
  -40.000000000000000        39.750000000000000       0.45496741290016440        0.0000000000000000      -0.45787994757712558     
  -40.000000000000000        47.750000000000000       0.49401599598560608        0.0000000000000000      -0.41532218799307530     
  -40.000000000000000        55.750000000000000       0.52115499656398556        0.0000000000000000      -0.38053589391156217     
  -40.000000000000000        63.750000000000000       0.53852473223596331        0.0000000000000000      -0.35503848031200430     

  -32.000000000000000       -56.250000000000000      -0.55817713057896712       -0.0000000000000000      -0.32381183700973037     
  -32.000000000000000       -48.250000000000000      -0.53852846800467780       -0.0000000000000000      -0.35571595488666768     
  -32.000000000000000       -40.250000000000000      -0.50760980438323744       -0.0000000000000000      -0.39872119374603215     
  -32.000000000000000       -32.250000000000000      -0.46168070145811102       -0.0000000000000000      -0.45112259586412989     
  -32.000000000000000       -24.250000000000000      -0.39192857297556732       -0.0000000000000000      -0.51285883948511168     
  -32.000000000000000       -16.250000000000000      -0.29658748948464669       -0.0000000000000000      -0.57329829787784248     
  -32.000000000000000       -8.2500000000000000      -0.16698491982196179       -0.0000000000000000      -0.62346371333778172     
  -32.000000000000000      -0.25000000000000000       -1.3633677520797588E-002  -0.0000000000000000      -0.64519336566504060     
  -32.000000000000000        7.7500000000000000       0.14871212177369206        0.0000000000000000      -0.62806835344971579     
  -32.000000000000000        15.750000000000000       0.28207121338613500        0.0000000000000000      -0.58057395500402686     
  -32.000000000000000        23.750000000000000       0.38205921141875054        0.0000000000000000      -0.52024809780814363     
  -32.000000000000000        31.750000000000000       0.45462872219465528        0.0000000000000000      -0.45822798048270497     
  -32.000000000000000        39.750000000000000       0.50278024913025077        0.0000000000000000      -0.40480323672991336     
  -32.000000000000000        47.750000000000000       0.53534367404255712        0.0000000000000000      -0.36050993197682779     
  -32.000000000000000        55.750000000000000       0.55624281362856698        0.0000000000000000      -0.32715619825583603     
  -32.000000000000000        63.750000000000000       0.56802540254442091        0.0000000000000000      -0.30573217823795590     

  -24.000000000000000       -56.250000000000000      -0.59089082807047144       -0.0000000000000000      -0.25935614466771045     
  -24.000000000000000       -48.250000000000000      -0.57811465466363909       -0.0000000000000000      -0.28689508750731652     
  -24.000000000000000       -40.250000000000000      -0.55611882754251118       -0.0000000000000000      -0.32761855704724246     
  -24.000000000000000       -32.250000000000000      -0.52062484125875241       -0.0000000000000000      -0.38151912414557954     
  -24.000000000000000       -24.250000000000000      -0.46001334513298664       -0.0000000000000000      -0.45268845082156106     
  -24.000000000000000       -16.250000000000000      -0.36582569416484295       -0.0000000000000000      -0.53160179152293308     
  -24.000000000000000       -8.2500000000000000      -0.21654545721068269       -0.0000000000000000      -0.60771614088466908     
  -24.000000000000000      -0.25000000000000000       -1.8129455970288571E-002  -0.0000000000000000      -0.64456547111569473     
  -24.000000000000000        7.7500000000000000       0.19383260757437409        0.0000000000000000      -0.61529514077615399     
  -24.000000000000000        15.750000000000000       0.35024023108389496        0.0000000000000000      -0.54196875982700599     
  -24.000000000000000        23.750000000000000       0.45093916220623820        0.0000000000000000      -0.46171268423435674     
  -24.000000000000000        31.750000000000000       0.51489677733593286        0.0000000000000000      -0.38921266427102408     
  -24.000000000000000        39.750000000000000       0.55253545632005108        0.0000000000000000      -0.33363428665440303     
  -24.000000000000000        47.750000000000000       0.57593464313333897        0.0000000000000000      -0.29126529199141343     
  -24.000000000000000        55.750000000000000       0.58970490196589853        0.0000000000000000      -0.26207490242242948     
  -24.000000000000000        63.750000000000000       0.59632300301435393        0.0000000000000000      -0.24615757604611294     

  -16.000000000000000       -56.250000000000000      -0.61855796192004564       -0.0000000000000000      -0.18248874517007024     
  -16.000000000000000       -48.250000000000000      -0.61224426476796567       -0.0000000000000000      -0.20286526972604982     
  -16.000000000000000       -40.250000000000000      -0.60038403721122768       -0.0000000000000000      -0.23576351105669552     
  -16.000000000000000       -32.250000000000000      -0.57957623208833897       -0.0000000000000000      -0.28306155905781571     
  -16.000000000000000       -24.250000000000000      -0.53805716044734408       -0.0000000000000000      -0.35542485989626665     
  -16.000000000000000       -16.250000000000000      -0.46142870030130706       -0.0000000000000000      -0.44999894085748132     
  -16.000000000000000       -8.2500000000000000      -0.30243788449339670       -0.0000000000000000      -0.56857537400908875     
  -16.000000000000000      -0.25000000000000000       -2.6946166646139788E-002  -0.0000000000000000      -0.64221430651387468     
  -16.000000000000000        7.7500000000000000       0.27394382824865904        0.0000000000000000      -0.58268663710996371     
  -16.000000000000000        15.750000000000000       0.44710063059832622        0.0000000000000000      -0.46406169701475164     
  -16.000000000000000        23.750000000000000       0.53139032492500871        0.0000000000000000      -0.36524035518564085     
  -16.000000000000000        31.750000000000000       0.57603105502544061        0.0000000000000000      -0.29019812481349572     
  -16.000000000000000        39.750000000000000       0.59837237202041071        0.0000000000000000      -0.24082806916199850     
  -16.000000000000000        47.750000000000000       0.61111180040418278        0.0000000000000000      -0.20627020120645551     
  -16.000000000000000        55.750000000000000       0.61800765050846551        0.0000000000000000      -0.18437944538099146     
  -16.000000000000000        63.750000000000000       0.62075736343467547        0.0000000000000000      -0.17443602978369221     

  -8.0000000000000000       -56.250000000000000      -0.63221815370216439       -0.0000000000000000       -9.3827013165994261E-002
  -8.0000000000000000       -48.250000000000000      -0.63057781357201037       -0.0000000000000000      -0.10457440828884201     
  -8.0000000000000000       -40.250000000000000      -0.62724392401341800       -0.0000000000000000      -0.12309173947024417     
  -8.0000000000000000       -32.250000000000000      -0.62099693534431832       -0.0000000000000000      -0.15135436494428978     
  -8.0000000000000000       -24.250000000000000      -0.60482193391690631       -0.0000000000000000      -0.20545730642855109     
  -8.0000000000000000       -16.250000000000000      -0.57232795150099280       -0.0000000000000000      -0.28257497839208362     
  -8.0000000000000000       -8.2500000000000000      -0.45629919361014132       -0.0000000000000000      -0.43823619838820144     
  -8.0000000000000000      -0.25000000000000000       -5.1055604070135423E-002  -0.0000000000000000      -0.61567597812634589     
  -8.0000000000000000        7.7500000000000000       0.42781678724610683        0.0000000000000000      -0.46390876540446402     
  -8.0000000000000000        15.750000000000000       0.56455252060110850        0.0000000000000000      -0.29753257102017061     
  -8.0000000000000000        23.750000000000000       0.60185453316708626        0.0000000000000000      -0.21377105356697762     
  -8.0000000000000000        31.750000000000000       0.61988460866143391        0.0000000000000000      -0.15580393962335862     
  -8.0000000000000000        39.750000000000000       0.62666007765268994        0.0000000000000000      -0.12602694803727174     
  -8.0000000000000000        47.750000000000000       0.63026940036517709        0.0000000000000000      -0.10644103580582170     
  -8.0000000000000000        55.750000000000000       0.63208459140112239        0.0000000000000000       -9.4774907098329184E-002
  -8.0000000000000000        63.750000000000000       0.63265810697113634        0.0000000000000000       -9.0275837096955733E-002

   0.0000000000000000       -56.250000000000000      -0.54739205236499688       -0.0000000000000000        2.5487466136116401E-004
   0.0000000000000000       -48.250000000000000      -0.54746449032327882       -0.0000000000000000        1.5101509476568480E-004
   0.0000000000000000       -40.250000000000000      -0.54746682223158372       -0.0000000000000000        1.3904570077434117E-004
   0.0000000000000000       -32.250000000000000      -0.54737801760769234       -0.0000000000000000        1.5541647782639438E-004
   0.0000000000000000       -24.250000000000000      -0.54655824486920657       -0.0000000000000000        6.1662672303652269E-004
   0.0000000000000000       -16.250000000000000      -0.54492155520051155       -0.0000000000000000        1.1341624674171488E-003
   0.0000000000000000       -8.2500000000000000      -0.52015984104610391       -0.0000000000000000       -1.4284655276325564E-003
   0.0000000000000000      -0.25000000000000000      -0.11021866759155488       -0.0000000000000000      -0.18705906796866420     
   0.0000000000000000        7.7500000000000000       0.51068540959180608        0.0000000000000000       -4.5907600038523197E-003
   0.0000000000000000        15.750000000000000       0.54420207887826966        0.0000000000000000        1.2591370907711059E-003
   0.0000000000000000        23.750000000000000       0.54635524749040409        0.0000000000000000        8.5769852060380578E-004
   0.0000000000000000        31.750000000000000       0.54735238572598777        0.0000000000000000        1.5540766593173083E-004
   0.0000000000000000        39.750000000000000       0.54746236487418853        0.0000000000000000        1.4116189519002706E-004
   0.0000000000000000        47.750000000000000       0.54746820448420208        0.0000000000000000        1.4549024083061404E-004
   0.0000000000000000        55.750000000000000       0.54740605030194645        0.0000000000000000        2.3545270505493981E-004
   0.0000000000000000        63.750000000000000       0.54724366444127936        0.0000000000000000        4.4844551767254768E-004

   8.0000000000000000       -56.250000000000000       -9.5630426462483112E-002  -0.0000000000000000        1.8617707301482971E-002
   8.0000000000000000       -48.250000000000000       -9.6128396574241798E-002  -0.0000000000000000        1.6713200443458170E-002
   8.0000000000000000       -40.250000000000000       -9.5842541738450027E-002  -0.0000000000000000        1.8485624934244566E-002
   8.0000000000000000       -32.250000000000000       -9.4759648638944080E-002  -0.0000000000000000        2.2567004914614729E-002
   8.0000000000000000       -24.250000000000000       -8.8851933472583244E-002  -0.0000000000000000        3.7458190692293926E-002
   8.0000000000000000       -16.250000000000000       -7.9849406317298324E-002  -0.0000000000000000        4.6076440338343308E-002
   8.0000000000000000       -8.2500000000000000       -5.2106472027711036E-002  -0.0000000000000000        5.3880331488902311E-002
   8.0000000000000000      -0.25000000000000000       -4.4467217827869124E-003  -0.0000000000000000        3.5967752691894485E-002
   8.0000000000000000        7.7500000000000000        4.7014421852237226E-002   0.0000000000000000        5.2660035180361373E-002
   8.0000000000000000        15.750000000000000        7.7615809124506357E-002   0.0000000000000000        4.8162980033544127E-002
   8.0000000000000000        23.750000000000000        8.7817169921998645E-002   0.0000000000000000        3.9066847993923508E-002
   8.0000000000000000        31.750000000000000        9.4546046019907320E-002   0.0000000000000000        2.3209912818445925E-002
   8.0000000000000000        39.750000000000000        9.5753124021592986E-002   0.0000000000000000        1.8894908876820608E-002
   8.0000000000000000        47.750000000000000        9.6135404783744008E-002   0.0000000000000000        1.6761918894167213E-002
   8.0000000000000000        55.750000000000000        9.5734331792976343E-002   0.0000000000000000        1.8134779419754103E-002
   8.0000000000000000        63.750000000000000        9.4608236533704898E-002   0.0000000000000000        2.4181204808239702E-002

   16.000000000000000       -56.250000000000000       -2.1683983323848464E-003  -0.0000000000000000        2.3403526778228321E-003
   16.000000000000000       -48.250000000000000       -2.4744117922708918E-003  -0.0000000000000000        1.3292608713907337E-003
   16.000000000000000       -40.250000000000000       -2.5996015013113895E-003  -0.0000000000000000        1.0018895788150932E-003
   16.000000000000000       -32.250000000000000       -2.5008990422113611E-003  -0.0000000000000000        1.1322861355996135E-003
   16.000000000000000       -24.250000000000000       -3.6440423663801260E-004  -0.0000000000000000        3.8815249632919912E-003
   16.000000000000000       -16.250000000000000       -5.7070222829175667E-004  -0.0000000000000000        1.8217890292807114E-003
   16.000000000000000       -8.2500000000000000        2.4574059658946190E-004   0.0000000000000000        5.6158870199348202E-004
   16.000000000000000      -0.25000000000000000        2.2356644895721496E-004   0.0000000000000000       -1.3883072691947866E-003
   16.000000000000000        7.7500000000000000       -3.5378688795797725E-004  -0.0000000000000000        2.8560986373276514E-004
   16.000000000000000        15.750000000000000        3.3491565815715592E-004   0.0000000000000000        1.7342365105217105E-003
   16.000000000000000        23.750000000000000        4.8291473018042603E-004   0.0000000000000000        3.4548051257919030E-003
   16.000000000000000        31.750000000000000        2.4760372543304230E-003   0.0000000000000000        1.1571237533723922E-003
   16.000000000000000        39.750000000000000        2.6000393927642961E-003   0.0000000000000000        1.0011639975522307E-003
   16.000000000000000        47.750000000000000        2.4995756930349957E-003   0.0000000000000000        1.2542288343206521E-003
   16.000000000000000        55.750000000000000        2.2195679989311804E-003   0.0000000000000000        2.1716568936435829E-003
   16.000000000000000        63.750000000000000        1.6392533711050623E-003   0.0000000000000000        3.8729054889434155E-003

   24.000000000000000       -56.250000000000000        1.6399143018468418E-004   0.0000000000000000        2.3888133919615004E-004
   24.000000000000000       -48.250000000000000        1.3009353529943460E-004   0.0000000000000000        1.0038662786515837E-004
   24.000000000000000       -40.250000000000000        8.2628741563165199E-005   0.0000000000000000        1.8311145400953161E-006
   24.000000000000000       -32.250000000000000        7.0756180551941777E-005   0.0000000000000000       -2.2644423382109708E-005
   24.000000000000000       -24.250000000000000        4.6485700653854911E-004   0.0000000000000000        3.2800212186287790E-004
   24.000000000000000       -16.250000000000000       -4.7100209110617602E-005  -0.0000000000000000       -2.4865891821345884E-004
   24.000000000000000       -8.2500000000000000        1.1929244960124612E-004   0.0000000000000000       -3.0014419997791370E-004
   24.000000000000000      -0.25000000000000000        8.1083802320042675E-005   0.0000000000000000       -5.1274216105238861E-004
   24.000000000000000        7.7500000000000000       -1.3607604315504416E-004  -0.0000000000000000       -3.3906791026127908E-004
   24.000000000000000        15.750000000000000        2.9938740410555458E-005   0.0000000000000000       -2.5583112096146332E-004
   24.000000000000000        23.750000000000000       -5.4675740721656281E-004  -0.0000000000000000        3.7797347836213482E-004
   24.000000000000000        31.750000000000000       -7.1074475161381966E-005  -0.0000000000000000       -2.4574296838597165E-005
   24.000000000000000        39.750000000000000       -7.7304227181308993E-005  -0.0000000000000000       -5.2789580233695923E-006
   24.000000000000000        47.750000000000000       -1.2501537863581004E-004  -0.0000000000000000        8.5262555077977219E-005
   24.000000000000000        55.750000000000000       -1.5973624858169373E-004  -0.0000000000000000        2.2013564357031774E-004
   24.000000000000000        63.750000000000000       -2.0497372505375050E-004  -0.0000000000000000        3.7822072957523938E-004

   32.000000000000000       -56.250000000000000        1.6828278375470676E-004   0.0000000000000000        2.6764900939468813E-007
   32.000000000000000       -48.250000000000000        1.7350167748098072E-004   0.0000000000000000       -2.4844894471657771E-005
   32.000000000000000       -40.250000000000000        1.5702192006685135E-004   0.0000000000000000       -5.3781604919812205E-005
   32.000000000000000       -32.250000000000000        1.4754920485690170E-004   0.0000000000000000       -6.9852745633159309E-005
   32.000000000000000       -24.250000000000000        1.5351707786640840E-004   0.0000000000000000       -7.4649268772206879E-005
   32.000000000000000       -16.250000000000000        1.1663142183653240E-004   0.0000000000000000       -1.0493654570352974E-004
   32.000000000000000       -8.2500000000000000        3.9286660249800609E-006   0.0000000000000000       -1.5203624558182937E-004
   32.000000000000000      -0.25000000000000000        8.6800217265909056E-007   0.0000000000000000       -1.5624125580031777E-004
   32.000000000000000        7.7500000000000000       -3.5054946062384362E-006  -0.0000000000000000       -1.5231350350671335E-004
   32.000000000000000        15.750000000000000       -8.8833192190403194E-005  -0.0000000000000000       -1.1921990276564548E-004
   32.000000000000000        23.750000000000000       -1.6993046230159555E-004  -0.0000000000000000       -6.4258243145238691E-005
   32.000000000000000        31.750000000000000       -1.4633940489141908E-004  -0.0000000000000000       -7.1944550789472233E-005
   32.000000000000000        39.750000000000000       -1.5487300217727944E-004  -0.0000000000000000       -5.6356559891743036E-005
   32.000000000000000        47.750000000000000       -1.7252695431653614E-004  -0.0000000000000000       -2.8660702254920088E-005
   32.000000000000000        55.750000000000000       -1.6995037554815744E-004  -0.0000000000000000       -2.2159972197489938E-006
   32.000000000000000        63.750000000000000       -1.5162584762677136E-004  -0.0000000000000000        1.1859977297714162E-005

   40.000000000000000       -56.250000000000000        6.4755830158312033E-005   0.0000000000000000       -2.9738589502355688E-005
   40.000000000000000       -48.250000000000000        6.1655318816778416E-005   0.0000000000000000       -4.0089386479314448E-005
   40.000000000000000       -40.250000000000000        5.2051093565124907E-005   0.0000000000000000       -4.8823694428413918E-005
   40.000000000000000       -32.250000000000000        4.6127859747757342E-005   0.0000000000000000       -5.4500589575268397E-005
   40.000000000000000       -24.250000000000000        3.8402181497256077E-005   0.0000000000000000       -5.9226458015779747E-005
   40.000000000000000       -16.250000000000000        4.1745241969368872E-005   0.0000000000000000       -5.3887935069408806E-005
   40.000000000000000       -8.2500000000000000        1.8898433561615816E-005   0.0000000000000000       -5.4887564778607906E-005
   40.000000000000000      -0.25000000000000000        7.6979827934336474E-007   0.0000000000000000       -5.3194528483959413E-005
   40.000000000000000        7.7500000000000000       -1.5203778698560184E-005  -0.0000000000000000       -5.4875525991163310E-005
   40.000000000000000        15.750000000000000       -4.1958431432856400E-005  -0.0000000000000000       -5.3136928963921311E-005
   40.000000000000000        23.750000000000000       -3.7349923162938533E-005  -0.0000000000000000       -5.9642191427401270E-005
   40.000000000000000        31.750000000000000       -4.5270077453777501E-005  -0.0000000000000000       -5.5201835918492529E-005
   40.000000000000000        39.750000000000000       -5.1270030342906805E-005  -0.0000000000000000       -4.9561812592683478E-005
   40.000000000000000        47.750000000000000       -6.0429634240536955E-005  -0.0000000000000000       -4.1443723983206647E-005
   40.000000000000000        55.750000000000000       -6.5142911327184148E-005  -0.0000000000000000       -3.0853577733426567E-005
   40.000000000000000        63.750000000000000       -5.5868893559422785E-005  -0.0000000000000000       -2.4316801044849880E-005

   48.000000000000000       -56.250000000000000       -2.1943879643917481E-004  -0.0000000000000000        1.8428292502558236E-004
   48.000000000000000       -48.250000000000000       -2.0752258834972687E-004  -0.0000000000000000        1.9923436237411627E-004
   48.000000000000000       -40.250000000000000       -1.8933381780335357E-004  -0.0000000000000000        2.1688206043514192E-004
   48.000000000000000       -32.250000000000000       -1.6495244990245546E-004  -0.0000000000000000        2.3566222114739150E-004
   48.000000000000000       -24.250000000000000       -1.3381068413810383E-004  -0.0000000000000000        2.5399988262083648E-004
   48.000000000000000       -16.250000000000000       -9.5528849352620609E-005  -0.0000000000000000        2.6963402029534173E-004
   48.000000000000000       -8.2500000000000000       -5.1059527243370958E-005  -0.0000000000000000        2.8071521476742846E-004
   48.000000000000000      -0.25000000000000000       -4.2190761568054414E-006  -0.0000000000000000        2.8518047497111008E-004
   48.000000000000000        7.7500000000000000        4.5220702678983173E-005   0.0000000000000000        2.8168218603442864E-004
   48.000000000000000        15.750000000000000        9.0304717362141607E-005   0.0000000000000000        2.7128277858405879E-004
   48.000000000000000        23.750000000000000        1.2940270714356000E-004   0.0000000000000000        2.5615733863104147E-004
   48.000000000000000        31.750000000000000        1.6144889724779539E-004   0.0000000000000000        2.3801766842027305E-004
   48.000000000000000        39.750000000000000        1.8662120661733000E-004   0.0000000000000000        2.1919687312580203E-004
   48.000000000000000        47.750000000000000        2.0561627117273253E-004   0.0000000000000000        2.0132010175779745E-004
   48.000000000000000        55.750000000000000        2.1819721523115416E-004   0.0000000000000000        1.8598733423754631E-004
   48.000000000000000        63.750000000000000        2.2721154051416766E-004   0.0000000000000000        1.7338395278674839E-004

   56.000000000000000       -56.250000000000000        2.1646047921897024E-005   0.0000000000000000       -2.1155961185190068E-005
   56.000000000000000       -48.250000000000000        1.9718314182406880E-005   0.0000000000000000       -2.2817647613891403E-005
   56.000000000000000       -40.250000000000000        1.7568652412361455E-005   0.0000000000000000       -2.4493954733457397E-005
   56.000000000000000       -32.250000000000000        1.4963374622860476E-005   0.0000000000000000       -2.6178452822085261E-005
   56.000000000000000       -24.250000000000000        1.1856449373174649E-005   0.0000000000000000       -2.7770913395512546E-005
   56.000000000000000       -16.250000000000000        8.3064134664311077E-006   0.0000000000000000       -2.9135117115938202E-005
   56.000000000000000       -8.2500000000000000        4.4368969205796726E-006   0.0000000000000000       -3.0118350026580686E-005
   56.000000000000000      -0.25000000000000000        3.7049911941278988E-007   0.0000000000000000       -3.0527604714237880E-005
   56.000000000000000        7.7500000000000000       -3.9368424360982325E-006  -0.0000000000000000       -3.0205140928108331E-005
   56.000000000000000        15.750000000000000       -7.8376956348166122E-006  -0.0000000000000000       -2.9282272069230018E-005
   56.000000000000000        23.750000000000000       -1.1434642860250960E-005  -0.0000000000000000       -2.7956926636256267E-005
   56.000000000000000        31.750000000000000       -1.4602186598136282E-005  -0.0000000000000000       -2.6385103998255122E-005
   56.000000000000000        39.750000000000000       -1.7270088139471791E-005  -0.0000000000000000       -2.4705599820271158E-005
   56.000000000000000        47.750000000000000       -1.9468952864407505E-005  -0.0000000000000000       -2.3025046570453589E-005
   56.000000000000000        55.750000000000000       -2.1404121718063363E-005  -0.0000000000000000       -2.1366563403362123E-005
   56.000000000000000        63.750000000000000       -2.3431387234596344E-005  -0.0000000000000000       -1.9616281949779946E-005

   64.000000000000000       -56.250000000000000       -2.6307552766521957E-006  -0.0000000000000000        2.3499487576590038E-006
   64.000000000000000       -48.250000000000000       -2.4659292546543910E-006  -0.0000000000000000        2.5363152188926039E-006
   64.000000000000000       -40.250000000000000       -2.2443101924822234E-006  -0.0000000000000000        2.7369124020294813E-006
   64.000000000000000       -32.250000000000000       -1.9627201674100519E-006  -0.0000000000000000        2.9456997109777937E-006
   64.000000000000000       -24.250000000000000       -1.6076190377058844E-006  -0.0000000000000000        3.1514273007578793E-006
   64.000000000000000       -16.250000000000000       -1.1665645252637622E-006  -0.0000000000000000        3.3345947438808468E-006
   64.000000000000000       -8.2500000000000000       -6.3987609587698213E-007  -0.0000000000000000        3.4671506108837758E-006
   64.000000000000000      -0.25000000000000000       -5.4021465303200410E-008  -0.0000000000000000        3.5209294884973772E-006
   64.000000000000000        7.7500000000000000        5.6907656365199534E-007   0.0000000000000000        3.4786457889337362E-006
   64.000000000000000        15.750000000000000        1.1051428198762933E-006   0.0000000000000000        3.3545739567418941E-006
   64.000000000000000        23.750000000000000        1.5573741231261547E-006   0.0000000000000000        3.1760561454209140E-006
   64.000000000000000        31.750000000000000        1.9226524106440836E-006   0.0000000000000000        2.9718962168031923E-006
   64.000000000000000        39.750000000000000        2.2126301560434341E-006   0.0000000000000000        2.7627242787761071E-006
   64.000000000000000        47.750000000000000        2.4412145033423193E-006   0.0000000000000000        2.5607198209774644E-006
   64.000000000000000        55.750000000000000        2.6136318588038432E-006   0.0000000000000000        2.3722574092607520E-006
   64.000000000000000        63.750000000000000        2.7181659851806974E-006   0.0000000000000000        2.2036949864499875E-006

