  -64.000000000000000       -56.250000000000000      -0.42679143793776514       -0.0000000000000000      -0.48368197418054931     
  -64.000000000000000       -48.250000000000000      -0.39065903911536842       -0.0000000000000000      -0.51338170631892011     
  -64.000000000000000       -40.250000000000000      -0.34665714778694678       -0.0000000000000000      -0.54414299840135327     
  -64.000000000000000       -32.250000000000000      -0.29424992856746923       -0.0000000000000000      -0.57420713837740811     
  -64.000000000000000       -24.250000000000000      -0.23167446636543890       -0.0000000000000000      -0.60221491290707430     
  -64.000000000000000       -16.250000000000000      -0.16239506074849153       -0.0000000000000000      -0.62452253583246009     
  -64.000000000000000       -8.2500000000000000       -8.6304358736116860E-002  -0.0000000000000000      -0.63953219913900861     
  -64.000000000000000      -0.25000000000000000       -6.9632377978143247E-003  -0.0000000000000000      -0.64528696029267996     
  -64.000000000000000        7.7500000000000000        7.6439381352242056E-002   0.0000000000000000      -0.64078905301137667     
  -64.000000000000000        15.750000000000000       0.15333466272454654        0.0000000000000000      -0.62681552924998973     
  -64.000000000000000        23.750000000000000       0.22316119398830753        0.0000000000000000      -0.60542482615100435     
  -64.000000000000000        31.750000000000000       0.28709657772135183        0.0000000000000000      -0.57782088668464837     
  -64.000000000000000        39.750000000000000       0.34057163446948507        0.0000000000000000      -0.54797912118558956     
  -64.000000000000000        47.750000000000000       0.38560348848387627        0.0000000000000000      -0.51719982720177748     
  -64.000000000000000        55.750000000000000       0.42268048750646342        0.0000000000000000      -0.48728990801802569     
  -64.000000000000000        63.750000000000000       0.45251179383204232        0.0000000000000000      -0.45951418323390508     

  -56.000000000000000       -56.250000000000000      -0.45738246946504008       -0.0000000000000000      -0.45502639608690970     
  -56.000000000000000       -48.250000000000000      -0.42323652540815776       -0.0000000000000000      -0.48707839644582618     
  -56.000000000000000       -40.250000000000000      -0.37971250824469099       -0.0000000000000000      -0.52182406304117768     
  -56.000000000000000       -32.250000000000000      -0.32584686695459281       -0.0000000000000000      -0.55707365377411888     
  -56.000000000000000       -24.250000000000000      -0.25922386823400356       -0.0000000000000000      -0.59103699493419715     
  -56.000000000000000       -16.250000000000000      -0.18327331734566307       -0.0000000000000000      -0.61883879221640825     
  -56.000000000000000       -8.2500000000000000       -9.7971127776434408E-002  -0.0000000000000000      -0.63794199205533342     
  -56.000000000000000      -0.25000000000000000       -7.9223898854680706E-003  -0.0000000000000000      -0.64535088877266911     
  -56.000000000000000        7.7500000000000000        8.6815056098911325E-002   0.0000000000000000      -0.63955616670267124     
  -56.000000000000000        15.750000000000000       0.17320385665099267        0.0000000000000000      -0.62173581791265109     
  -56.000000000000000        23.750000000000000       0.24999394877382847        0.0000000000000000      -0.59499909860909628     
  -56.000000000000000        31.750000000000000       0.31835249680777600        0.0000000000000000      -0.56139212673965955     
  -56.000000000000000        39.750000000000000       0.37355896745795220        0.0000000000000000      -0.52625406755469317     
  -56.000000000000000        47.750000000000000       0.41833197117998144        0.0000000000000000      -0.49131181711959160     
  -56.000000000000000        55.750000000000000       0.45358847618016290        0.0000000000000000      -0.45883003604106504     
  -56.000000000000000        63.750000000000000       0.48041785825817840        0.0000000000000000      -0.43031340260407258     

  -48.000000000000000       -56.250000000000000      -0.49000719465112824       -0.0000000000000000      -0.41976147353455379     
  -48.000000000000000       -48.250000000000000      -0.45920478692834460       -0.0000000000000000      -0.45341386839262127     
  -48.000000000000000       -40.250000000000000      -0.41767802960070449       -0.0000000000000000      -0.49204964905633253     
  -48.000000000000000       -32.250000000000000      -0.36376369753406435       -0.0000000000000000      -0.53316526492191718     
  -48.000000000000000       -24.250000000000000      -0.29383025721414469       -0.0000000000000000      -0.57468212094678639     
  -48.000000000000000       -16.250000000000000      -0.21060395893081887       -0.0000000000000000      -0.61013512144778381     
  -48.000000000000000       -8.2500000000000000      -0.11370997763348822       -0.0000000000000000      -0.63537552177440904     
  -48.000000000000000      -0.25000000000000000       -9.2319356314465011E-003  -0.0000000000000000      -0.64537178246402738     
  -48.000000000000000        7.7500000000000000       0.10084872934950961        0.0000000000000000      -0.63754331410996568     
  -48.000000000000000        15.750000000000000       0.19933073856404282        0.0000000000000000      -0.61391398186911328     
  -48.000000000000000        23.750000000000000       0.28388759118220336        0.0000000000000000      -0.57965563043698720     
  -48.000000000000000        31.750000000000000       0.35607362831297057        0.0000000000000000      -0.53833278454966538     
  -48.000000000000000        39.750000000000000       0.41164664628240893        0.0000000000000000      -0.49711427640359540     
  -48.000000000000000        47.750000000000000       0.45463586355323587        0.0000000000000000      -0.45801226886378688     
  -48.000000000000000        55.750000000000000       0.48668637778572277        0.0000000000000000      -0.42363489734021115     
  -48.000000000000000        63.750000000000000       0.50938125308544346        0.0000000000000000      -0.39561725746073190     

  -40.000000000000000       -56.250000000000000      -0.52410679947595495       -0.0000000000000000      -0.37642038692912777     
  -40.000000000000000       -48.250000000000000      -0.49812368556016068       -0.0000000000000000      -0.41037259042984636     
  -40.000000000000000       -40.250000000000000      -0.46060836097408814       -0.0000000000000000      -0.45220157857496052     
  -40.000000000000000       -32.250000000000000      -0.40891125849030674       -0.0000000000000000      -0.49945168443334531     
  -40.000000000000000       -24.250000000000000      -0.33740714091879281       -0.0000000000000000      -0.55027817875164986     
  -40.000000000000000       -16.250000000000000      -0.24687793776762204       -0.0000000000000000      -0.59641220421694563     
  -40.000000000000000       -8.2500000000000000      -0.13545051518935103       -0.0000000000000000      -0.63111371165051944     
  -40.000000000000000      -0.25000000000000000       -1.1070887022573982E-002  -0.0000000000000000      -0.64533495853643541     
  -40.000000000000000        7.7500000000000000       0.12030240335131301        0.0000000000000000      -0.63417373651383180     
  -40.000000000000000        15.750000000000000       0.23421190788643415        0.0000000000000000      -0.60150119866028995     
  -40.000000000000000        23.750000000000000       0.32686272006236244        0.0000000000000000      -0.55659978501191121     
  -40.000000000000000        31.750000000000000       0.40129589591636167        0.0000000000000000      -0.50559071297560676     
  -40.000000000000000        39.750000000000000       0.45497856894717126        0.0000000000000000      -0.45787338785853426     
  -40.000000000000000        47.750000000000000       0.49411542133051817        0.0000000000000000      -0.41520943098089225     
  -40.000000000000000        55.750000000000000       0.52141156939671429        0.0000000000000000      -0.38017742368527796     
  -40.000000000000000        63.750000000000000       0.53899997982386549        0.0000000000000000      -0.35429134093165449     

  -32.000000000000000       -56.250000000000000      -0.55848337374660140       -0.0000000000000000      -0.32327148526539995     
  -32.000000000000000       -48.250000000000000      -0.53865466943327467       -0.0000000000000000      -0.35552636100347657     
  -32.000000000000000       -40.250000000000000      -0.50762822540373131       -0.0000000000000000      -0.39870098284589828     
  -32.000000000000000       -32.250000000000000      -0.46168036506007804       -0.0000000000000000      -0.45112099202056050     
  -32.000000000000000       -24.250000000000000      -0.39238103209072012       -0.0000000000000000      -0.51251609251859831     
  -32.000000000000000       -16.250000000000000      -0.29635771829375135       -0.0000000000000000      -0.57341222293083538     
  -32.000000000000000       -8.2500000000000000      -0.16707760874280775       -0.0000000000000000      -0.62344278528660146     
  -32.000000000000000      -0.25000000000000000       -1.3821920830840112E-002  -0.0000000000000000      -0.64519261857885690     
  -32.000000000000000        7.7500000000000000       0.14877060720236099        0.0000000000000000      -0.62805729342448424     
  -32.000000000000000        15.750000000000000       0.28223151535448576        0.0000000000000000      -0.58049643644980931     
  -32.000000000000000        23.750000000000000       0.38161424840460867        0.0000000000000000      -0.52057108243588179     
  -32.000000000000000        31.750000000000000       0.45462849624901008        0.0000000000000000      -0.45822621800813990     
  -32.000000000000000        39.750000000000000       0.50279109382107090        0.0000000000000000      -0.40479159995232761     
  -32.000000000000000        47.750000000000000       0.53545228034891745        0.0000000000000000      -0.36035146868149492     
  -32.000000000000000        55.750000000000000       0.55652288287759921        0.0000000000000000      -0.32666962681558687     
  -32.000000000000000        63.750000000000000       0.56854371441741791        0.0000000000000000      -0.30473573566103701     

  -24.000000000000000       -56.250000000000000      -0.59116549659406004       -0.0000000000000000      -0.25872768507116839     
  -24.000000000000000       -48.250000000000000      -0.57823074282995046       -0.0000000000000000      -0.28667071519251891     
  -24.000000000000000       -40.250000000000000      -0.55613810874893399       -0.0000000000000000      -0.32759514582096461     
  -24.000000000000000       -32.250000000000000      -0.52062714499863416       -0.0000000000000000      -0.38151930146481766     
  -24.000000000000000       -24.250000000000000      -0.46053945774918653       -0.0000000000000000      -0.45216781508590148     
  -24.000000000000000       -16.250000000000000      -0.36557367266744439       -0.0000000000000000      -0.53178428233396868     
  -24.000000000000000       -8.2500000000000000      -0.21664540277525796       -0.0000000000000000      -0.60760760184481288     
  -24.000000000000000      -0.25000000000000000       -1.8375919997220790E-002  -0.0000000000000000      -0.64445325947648580     
  -24.000000000000000        7.7500000000000000       0.19389141396319803        0.0000000000000000      -0.61520326999611807     
  -24.000000000000000        15.750000000000000       0.35044132162984321        0.0000000000000000      -0.54185077195926268     
  -24.000000000000000        23.750000000000000       0.45047646408364367        0.0000000000000000      -0.46216707715865368     
  -24.000000000000000        31.750000000000000       0.51489927738798924        0.0000000000000000      -0.38921254012097034     
  -24.000000000000000        39.750000000000000       0.55254783022947307        0.0000000000000000      -0.33362161976051680     
  -24.000000000000000        47.750000000000000       0.57603509477069981        0.0000000000000000      -0.29107724933180162     
  -24.000000000000000        55.750000000000000       0.58995656018711540        0.0000000000000000      -0.26150794552473344     
  -24.000000000000000        63.750000000000000       0.59678537998419690        0.0000000000000000      -0.24501138641344727     

  -16.000000000000000       -56.250000000000000      -0.61877619110692983       -0.0000000000000000      -0.18191357804821645     
  -16.000000000000000       -48.250000000000000      -0.61236231577458833       -0.0000000000000000      -0.20266594831007367     
  -16.000000000000000       -40.250000000000000      -0.60043860293422591       -0.0000000000000000      -0.23575806334852550     
  -16.000000000000000       -32.250000000000000      -0.57961858316328652       -0.0000000000000000      -0.28308244529138543     
  -16.000000000000000       -24.250000000000000      -0.53870423171582515       -0.0000000000000000      -0.35457372291830275     
  -16.000000000000000       -16.250000000000000      -0.46102421301374202       -0.0000000000000000      -0.45029961546452146     
  -16.000000000000000       -8.2500000000000000      -0.30278994537655812       -0.0000000000000000      -0.56862893144799187     
  -16.000000000000000      -0.25000000000000000       -2.7331425677889470E-002  -0.0000000000000000      -0.64244338638417364     
  -16.000000000000000        7.7500000000000000       0.27423188767822798        0.0000000000000000      -0.58279941283961556     
  -16.000000000000000        15.750000000000000       0.44724202969079624        0.0000000000000000      -0.46393819951159038     
  -16.000000000000000        23.750000000000000       0.53103407919670365        0.0000000000000000      -0.36584969557327185     
  -16.000000000000000        31.750000000000000       0.57607380619030191        0.0000000000000000      -0.29021865157378002     
  -16.000000000000000        39.750000000000000       0.59842219072074609        0.0000000000000000      -0.24083373220015880     
  -16.000000000000000        47.750000000000000       0.61121982293538379        0.0000000000000000      -0.20610518941343872     
  -16.000000000000000        55.750000000000000       0.61821140331845059        0.0000000000000000      -0.18386105399760380     
  -16.000000000000000        63.750000000000000       0.62109435895564336        0.0000000000000000      -0.17338572705828928     

  -8.0000000000000000       -56.250000000000000      -0.63295921177675407       -0.0000000000000000       -9.3563814668912171E-002
  -8.0000000000000000       -48.250000000000000      -0.63128529836307279       -0.0000000000000000      -0.10455476959371528     
  -8.0000000000000000       -40.250000000000000      -0.62792603281612858       -0.0000000000000000      -0.12321601005528138     
  -8.0000000000000000       -32.250000000000000      -0.62166644544010019       -0.0000000000000000      -0.15153946233873339     
  -8.0000000000000000       -24.250000000000000      -0.60610668372529419       -0.0000000000000000      -0.20378175224579739     
  -8.0000000000000000       -16.250000000000000      -0.57278992582548904       -0.0000000000000000      -0.28315259291842076     
  -8.0000000000000000       -8.2500000000000000      -0.45702279929606909       -0.0000000000000000      -0.43874815432503667     
  -8.0000000000000000      -0.25000000000000000       -5.1357725757218697E-002  -0.0000000000000000      -0.61623198526971801     
  -8.0000000000000000        7.7500000000000000       0.42842220116564955        0.0000000000000000      -0.46449356593152974     
  -8.0000000000000000        15.750000000000000       0.56559308848224499        0.0000000000000000      -0.29729338387451226     
  -8.0000000000000000        23.750000000000000       0.60233250197046129        0.0000000000000000      -0.21415993582332205     
  -8.0000000000000000        31.750000000000000       0.62055371653656011        0.0000000000000000      -0.15599469649851808     
  -8.0000000000000000        39.750000000000000       0.62733974260138026        0.0000000000000000      -0.12616240533610590     
  -8.0000000000000000        47.750000000000000       0.63097326634497164        0.0000000000000000      -0.10644478728337413     
  -8.0000000000000000        55.750000000000000       0.63282096745411975        0.0000000000000000       -9.4547653753810287E-002
  -8.0000000000000000        63.750000000000000       0.63343672381005367        0.0000000000000000       -8.9716908752513647E-002

   0.0000000000000000       -56.250000000000000      -0.55828464573388503       -0.0000000000000000        2.1387831760433666E-004
   0.0000000000000000       -48.250000000000000      -0.55834970494279945       -0.0000000000000000        1.3370753704439046E-004
   0.0000000000000000       -40.250000000000000      -0.55835074517442462       -0.0000000000000000        1.2828395534217698E-004
   0.0000000000000000       -32.250000000000000      -0.55827172415545379       -0.0000000000000000        1.4568238790009199E-004
   0.0000000000000000       -24.250000000000000      -0.55743911397234247       -0.0000000000000000        4.4000224225336905E-004
   0.0000000000000000       -16.250000000000000      -0.55614786493910395       -0.0000000000000000        1.0157468476022368E-003
   0.0000000000000000       -8.2500000000000000      -0.53232149726296119       -0.0000000000000000       -1.1482283816282299E-003
   0.0000000000000000      -0.25000000000000000      -0.11382427996909729       -0.0000000000000000      -0.16882779199325515     
   0.0000000000000000        7.7500000000000000       0.52316740060580758        0.0000000000000000       -3.8734095309871357E-003
   0.0000000000000000        15.750000000000000       0.55546264970381398        0.0000000000000000        1.1070295527374947E-003
   0.0000000000000000        23.750000000000000       0.55719468093021451        0.0000000000000000        6.9093979223381230E-004
   0.0000000000000000        31.750000000000000       0.55824944385074748        0.0000000000000000        1.4630196159137352E-004
   0.0000000000000000        39.750000000000000       0.55834655850179149        0.0000000000000000        1.3049673748353601E-004
   0.0000000000000000        47.750000000000000       0.55835300425002121        0.0000000000000000        1.2976092517134465E-004
   0.0000000000000000        55.750000000000000       0.55829720918150749        0.0000000000000000        1.9861980201705935E-004
   0.0000000000000000        63.750000000000000       0.55815126175721674        0.0000000000000000        3.6740172721470079E-004

   8.0000000000000000       -56.250000000000000      -0.10934654028613340       -0.0000000000000000        2.0200596454662614E-002
   8.0000000000000000       -48.250000000000000      -0.10977224742464763       -0.0000000000000000        1.8813921941704909E-002
   8.0000000000000000       -40.250000000000000      -0.10938472467347435       -0.0000000000000000        2.1127685591308690E-002
   8.0000000000000000       -32.250000000000000      -0.10817098530305977       -0.0000000000000000        2.5843154198514667E-002
   8.0000000000000000       -24.250000000000000      -0.10256360798600297       -0.0000000000000000        4.0095732019449382E-002
   8.0000000000000000       -16.250000000000000       -9.2103312661952430E-002  -0.0000000000000000        5.2342239335488518E-002
   8.0000000000000000       -8.2500000000000000       -6.2273139364674941E-002  -0.0000000000000000        6.4169296531667100E-002
   8.0000000000000000      -0.25000000000000000       -5.6856331077196490E-003  -0.0000000000000000        5.1107035478802798E-002
   8.0000000000000000        7.7500000000000000        5.6458469566223961E-002   0.0000000000000000        6.3688371144674738E-002
   8.0000000000000000        15.750000000000000        9.0180936441197804E-002   0.0000000000000000        5.4188689082894544E-002
   8.0000000000000000        23.750000000000000       0.10065184878549101        0.0000000000000000        4.3891605076980061E-002
   8.0000000000000000        31.750000000000000       0.10793685110966492        0.0000000000000000        2.6582579481897906E-002
   8.0000000000000000        39.750000000000000       0.10928116916034444        0.0000000000000000        2.1608174776548493E-002
   8.0000000000000000        47.750000000000000       0.10976776803851609        0.0000000000000000        1.8928461538520493E-002
   8.0000000000000000        55.750000000000000       0.10944362584745143        0.0000000000000000        1.9781862939417201E-002
   8.0000000000000000        63.750000000000000       0.10835328571735976        0.0000000000000000        2.5317835409177526E-002

   16.000000000000000       -56.250000000000000       -2.6651544910193314E-003  -0.0000000000000000        2.4854670264277214E-003
   16.000000000000000       -48.250000000000000       -2.9819184294193430E-003  -0.0000000000000000        1.4566654817605078E-003
   16.000000000000000       -40.250000000000000       -3.0993198004329895E-003  -0.0000000000000000        1.1702340792482850E-003
   16.000000000000000       -32.250000000000000       -2.9823551642616133E-003  -0.0000000000000000        1.3495353201068375E-003
   16.000000000000000       -24.250000000000000       -1.1079991947729414E-003  -0.0000000000000000        3.7988278896780455E-003
   16.000000000000000       -16.250000000000000       -6.8480141258391209E-004  -0.0000000000000000        2.2248311920286716E-003
   16.000000000000000       -8.2500000000000000       -9.1247929240246411E-005  -0.0000000000000000        1.1341066016704883E-003
   16.000000000000000      -0.25000000000000000       -1.4410067064670506E-004  -0.0000000000000000       -6.1696587104722624E-004
   16.000000000000000        7.7500000000000000       -2.3309685406380798E-005  -0.0000000000000000        8.9542091673745208E-004
   16.000000000000000        15.750000000000000        6.1528701719958253E-004   0.0000000000000000        2.0704768395750487E-003
   16.000000000000000        23.750000000000000        5.7949906344307905E-004   0.0000000000000000        4.2657382620074772E-003
   16.000000000000000        31.750000000000000        2.9554254420334027E-003   0.0000000000000000        1.3802871499787386E-003
   16.000000000000000        39.750000000000000        3.0969189970641692E-003   0.0000000000000000        1.1770159449174976E-003
   16.000000000000000        47.750000000000000        3.0075045628915748E-003   0.0000000000000000        1.3841815276704060E-003
   16.000000000000000        55.750000000000000        2.7179526249148135E-003   0.0000000000000000        2.3103116574523432E-003
   16.000000000000000        63.750000000000000        2.1284893347431485E-003   0.0000000000000000        4.1037485307112882E-003

   24.000000000000000       -56.250000000000000        6.8445057109513881E-005   0.0000000000000000        3.0076900204103389E-004
   24.000000000000000       -48.250000000000000        3.1516463324765308E-005   0.0000000000000000        1.5734858189483947E-004
   24.000000000000000       -40.250000000000000       -1.4054110644813717E-005  -0.0000000000000000        6.7067448819110322E-005
   24.000000000000000       -32.250000000000000       -1.4537988027981831E-005  -0.0000000000000000        5.6242333885370308E-005
   24.000000000000000       -24.250000000000000        3.0193157343149366E-004   0.0000000000000000        3.3393220427720030E-004
   24.000000000000000       -16.250000000000000       -8.7961947233385066E-005  -0.0000000000000000       -1.3026405485909033E-004
   24.000000000000000       -8.2500000000000000        1.1685079111643234E-004   0.0000000000000000       -2.7596225382974144E-004
   24.000000000000000      -0.25000000000000000       -7.6608339918895016E-005  -0.0000000000000000       -5.2044426318953094E-004
   24.000000000000000        7.7500000000000000       -1.2127630622632344E-004  -0.0000000000000000       -3.1847952579528897E-004
   24.000000000000000        15.750000000000000        7.1972781908013049E-005   0.0000000000000000       -1.4205902874420942E-004
   24.000000000000000        23.750000000000000       -4.6932462926714601E-004  -0.0000000000000000        4.6595952505867059E-004
   24.000000000000000        31.750000000000000        1.2830325411621307E-005   0.0000000000000000        5.5744911624542633E-005
   24.000000000000000        39.750000000000000        1.8042493222182644E-005   0.0000000000000000        6.1998265714175934E-005
   24.000000000000000        47.750000000000000       -2.6171271437724776E-005  -0.0000000000000000        1.4249288222690303E-004
   24.000000000000000        55.750000000000000       -6.3839760031803291E-005  -0.0000000000000000        2.8072201494096894E-004
   24.000000000000000        63.750000000000000       -1.1063276139001631E-004  -0.0000000000000000        4.5484057553052507E-004

   32.000000000000000       -56.250000000000000        2.1973420683247489E-005   0.0000000000000000        8.3628378847541587E-005
   32.000000000000000       -48.250000000000000        3.0024306692471840E-005   0.0000000000000000        6.5286051147375138E-005
   32.000000000000000       -40.250000000000000        2.0206153945532665E-005   0.0000000000000000        4.8196690652311889E-005
   32.000000000000000       -32.250000000000000        2.3718705280270650E-005   0.0000000000000000        4.6667039635359765E-005
   32.000000000000000       -24.250000000000000        4.0552078274158640E-005   0.0000000000000000        5.2966415790374882E-005
   32.000000000000000       -16.250000000000000        5.7431918071965550E-005   0.0000000000000000        5.5199835910207790E-005
   32.000000000000000       -8.2500000000000000       -4.0589648708888128E-005  -0.0000000000000000        1.5480319506016070E-005
   32.000000000000000      -0.25000000000000000       -6.5213086253183344E-006  -0.0000000000000000        2.0020979117163206E-005
   32.000000000000000        7.7500000000000000        3.8777984791165436E-005   0.0000000000000000        1.6279692113703220E-005
   32.000000000000000        15.750000000000000       -3.2548337494025308E-005  -0.0000000000000000        4.2276491191410442E-005
   32.000000000000000        23.750000000000000       -5.4494375401022277E-005  -0.0000000000000000        6.1273441962394451E-005
   32.000000000000000        31.750000000000000       -2.4386027495496213E-005  -0.0000000000000000        4.6466598067417386E-005
   32.000000000000000        39.750000000000000       -1.9595739292010332E-005  -0.0000000000000000        4.7473220637321846E-005
   32.000000000000000        47.750000000000000       -2.9499294485223353E-005  -0.0000000000000000        6.2627857803238958E-005
   32.000000000000000        55.750000000000000       -2.3993798055522503E-005  -0.0000000000000000        8.1788217232400061E-005
   32.000000000000000        63.750000000000000       -2.4340349214853091E-006  -0.0000000000000000        9.2037066514213367E-005

   40.000000000000000       -56.250000000000000        1.3413163483036636E-005   0.0000000000000000        1.9744571645228470E-005
   40.000000000000000       -48.250000000000000        1.2869513221149977E-005   0.0000000000000000        1.3497663787273396E-005
   40.000000000000000       -40.250000000000000        9.0470658319648082E-006   0.0000000000000000        1.0040380640306086E-005
   40.000000000000000       -32.250000000000000        1.0414183012667887E-005   0.0000000000000000        9.3475970303283656E-006
   40.000000000000000       -24.250000000000000        1.1298732826711138E-005   0.0000000000000000        8.8001778198751851E-006
   40.000000000000000       -16.250000000000000        2.1283870441883752E-005   0.0000000000000000        1.5590608255937349E-005
   40.000000000000000       -8.2500000000000000        1.1447736945149838E-005   0.0000000000000000        1.7976863189768800E-005
   40.000000000000000      -0.25000000000000000        1.7952159758706517E-007   0.0000000000000000        2.0286629295249413E-005
   40.000000000000000        7.7500000000000000       -8.7937004623475524E-006  -0.0000000000000000        1.8135112356310442E-005
   40.000000000000000        15.750000000000000       -2.3148717858927937E-005  -0.0000000000000000        1.6884197178112945E-005
   40.000000000000000        23.750000000000000       -1.1442919196036157E-005  -0.0000000000000000        8.8636039144284697E-006
   40.000000000000000        31.750000000000000       -1.0574388415802867E-005  -0.0000000000000000        9.2355743985951980E-006
   40.000000000000000        39.750000000000000       -9.1299132362584066E-006  -0.0000000000000000        9.9519186938950939E-006
   40.000000000000000        47.750000000000000       -1.2160898159506284E-005  -0.0000000000000000        1.2756225450462418E-005
   40.000000000000000        55.750000000000000       -1.4032396165249015E-005  -0.0000000000000000        1.9077744512831001E-005
   40.000000000000000        63.750000000000000       -2.9686696780040145E-006  -0.0000000000000000        2.2338844931024691E-005

   48.000000000000000       -56.250000000000000        7.0811939114574893E-005   0.0000000000000000       -6.2141434615753895E-005
   48.000000000000000       -48.250000000000000        6.2916308566676935E-005   0.0000000000000000       -6.8972197939265391E-005
   48.000000000000000       -40.250000000000000        5.6073580736476631E-005   0.0000000000000000       -7.4815333025735563E-005
   48.000000000000000       -32.250000000000000        4.8385575176932035E-005   0.0000000000000000       -8.0684470924646936E-005
   48.000000000000000       -24.250000000000000        3.9382417849942076E-005   0.0000000000000000       -8.6588927789383588E-005
   48.000000000000000       -16.250000000000000        2.9103913081679536E-005   0.0000000000000000       -9.2407080613495112E-005
   48.000000000000000       -8.2500000000000000        1.7020129475297704E-005   0.0000000000000000       -9.7171252366708892E-005
   48.000000000000000      -0.25000000000000000        1.5347758072988143E-006   0.0000000000000000       -9.9327386840993381E-005
   48.000000000000000        7.7500000000000000       -1.5322924923325351E-005  -0.0000000000000000       -9.7606301181301633E-005
   48.000000000000000        15.750000000000000       -2.7684447696092500E-005  -0.0000000000000000       -9.3109899013632072E-005
   48.000000000000000        23.750000000000000       -3.8174768776567861E-005  -0.0000000000000000       -8.7322381951292333E-005
   48.000000000000000        31.750000000000000       -4.7329154340073660E-005  -0.0000000000000000       -8.1423162868262140E-005
   48.000000000000000        39.750000000000000       -5.5186184075937052E-005  -0.0000000000000000       -7.5542304626078366E-005
   48.000000000000000        47.750000000000000       -6.2033243979865683E-005  -0.0000000000000000       -6.9726622289531038E-005
   48.000000000000000        55.750000000000000       -6.9769019729479635E-005  -0.0000000000000000       -6.3082702852592943E-005
   48.000000000000000        63.750000000000000       -7.7937276502539963E-005  -0.0000000000000000       -5.4953234497707243E-005

   56.000000000000000       -56.250000000000000       -5.1222309532196685E-006  -0.0000000000000000        5.7611739510266181E-006
   56.000000000000000       -48.250000000000000       -4.8031542335907287E-006  -0.0000000000000000        6.1508471190926527E-006
   56.000000000000000       -40.250000000000000       -4.2563168528104716E-006  -0.0000000000000000        6.5804535718537924E-006
   56.000000000000000       -32.250000000000000       -3.5852164365659306E-006  -0.0000000000000000        6.9938361174916394E-006
   56.000000000000000       -24.250000000000000       -2.8032705085958162E-006  -0.0000000000000000        7.3457154278115753E-006
   56.000000000000000       -16.250000000000000       -1.9271159610567626E-006  -0.0000000000000000        7.5830259781399528E-006
   56.000000000000000       -8.2500000000000000       -1.0023193848025941E-006  -0.0000000000000000        7.6768725894629989E-006
   56.000000000000000      -0.25000000000000000       -8.2562908224233953E-008  -0.0000000000000000        7.6858868814085550E-006
   56.000000000000000        7.7500000000000000        8.8679227746552567E-007   0.0000000000000000        7.6804597386207191E-006
   56.000000000000000        15.750000000000000        1.8127018872081293E-006   0.0000000000000000        7.6024751761797584E-006
   56.000000000000000        23.750000000000000        2.6983851880774844E-006   0.0000000000000000        7.3826815102211964E-006
   56.000000000000000        31.750000000000000        3.4933304233763363E-006   0.0000000000000000        7.0422736385680412E-006
   56.000000000000000        39.750000000000000        4.1787091049466011E-006   0.0000000000000000        6.6338008244252287E-006
   56.000000000000000        47.750000000000000        4.7435057504066583E-006   0.0000000000000000        6.2040401341275084E-006
   56.000000000000000        55.750000000000000        5.1020358971604032E-006   0.0000000000000000        5.8041980581412544E-006
   56.000000000000000        63.750000000000000        5.0549450077244978E-006   0.0000000000000000        5.5372764430504286E-006

   64.000000000000000       -56.250000000000000        9.5190833136368353E-007   0.0000000000000000       -7.3570038550133521E-007
   64.000000000000000       -48.250000000000000        8.8665032270697046E-007   0.0000000000000000       -8.0169547930583310E-007
   64.000000000000000       -40.250000000000000        8.1329285002154112E-007   0.0000000000000000       -8.7349365824433984E-007
   64.000000000000000       -32.250000000000000        7.1808952470252750E-007   0.0000000000000000       -9.5102370419030617E-007
   64.000000000000000       -24.250000000000000        5.9360077901543388E-007   0.0000000000000000       -1.0305931510403670E-006
   64.000000000000000       -16.250000000000000        4.3444141933235368E-007   0.0000000000000000       -1.1045184782733321E-006
   64.000000000000000       -8.2500000000000000        2.4038093770822028E-007   0.0000000000000000       -1.1606925654645357E-006
   64.000000000000000      -0.25000000000000000        2.0395992091612973E-008   0.0000000000000000       -1.1846512805877798E-006
   64.000000000000000        7.7500000000000000       -2.1399347798936337E-007  -0.0000000000000000       -1.1657376957533379E-006
   64.000000000000000        15.750000000000000       -4.1201425056637293E-007  -0.0000000000000000       -1.1127997670862411E-006
   64.000000000000000        23.750000000000000       -5.7567466958301793E-007  -0.0000000000000000       -1.0403508994007873E-006
   64.000000000000000        31.750000000000000       -7.0426747090948810E-007  -0.0000000000000000       -9.6097071440290229E-007
   64.000000000000000        39.750000000000000       -8.0276010405282328E-007  -0.0000000000000000       -8.8291832886178259E-007
   64.000000000000000        47.750000000000000       -8.7832150771489751E-007  -0.0000000000000000       -8.1030522464647936E-007
   64.000000000000000        55.750000000000000       -9.4343308575871705E-007  -0.0000000000000000       -7.4377284625031523E-007
   64.000000000000000        63.750000000000000       -1.0197722411040812E-006  -0.0000000000000000       -6.7872178998943180E-007

