  -64.000000000000000       -56.250000000000000      -0.42168869321836228       -0.0000000000000000      -0.48907868053623454     
  -64.000000000000000       -48.250000000000000      -0.38826970205946149       -0.0000000000000000      -0.51584565036912289     
  -64.000000000000000       -40.250000000000000      -0.34642466730550131       -0.0000000000000000      -0.54470071469046633     
  -64.000000000000000       -32.250000000000000      -0.29445343575956945       -0.0000000000000000      -0.57442743974002619     
  -64.000000000000000       -24.250000000000000      -0.23396348857675678       -0.0000000000000000      -0.60163749507835118     
  -64.000000000000000       -16.250000000000000      -0.16466579691567237       -0.0000000000000000      -0.62419506533529756     
  -64.000000000000000       -8.2500000000000000       -8.7750163379273591E-002  -0.0000000000000000      -0.63957872637587942     
  -64.000000000000000      -0.25000000000000000       -6.9884375441660622E-003  -0.0000000000000000      -0.64552392327763464     
  -64.000000000000000        7.7500000000000000        7.7757256333490121E-002   0.0000000000000000      -0.64087238517221845     
  -64.000000000000000        15.750000000000000       0.15536826245718682        0.0000000000000000      -0.62657632434522958     
  -64.000000000000000        23.750000000000000       0.22585070795891313        0.0000000000000000      -0.60473365529443479     
  -64.000000000000000        31.750000000000000       0.28750014992666451        0.0000000000000000      -0.57794365572378059     
  -64.000000000000000        39.750000000000000       0.34039214999463396        0.0000000000000000      -0.54847912069132221     
  -64.000000000000000        47.750000000000000       0.38352015015142416        0.0000000000000000      -0.51936607014950886     
  -64.000000000000000        55.750000000000000       0.41794238081331286        0.0000000000000000      -0.49226550649295459     
  -64.000000000000000        63.750000000000000       0.44465106276932409        0.0000000000000000      -0.46830798262546269     

  -56.000000000000000       -56.250000000000000      -0.44919868238632216       -0.0000000000000000      -0.46391175413772023     
  -56.000000000000000       -48.250000000000000      -0.41901876839264007       -0.0000000000000000      -0.49123263917910287     
  -56.000000000000000       -40.250000000000000      -0.37832722793205886       -0.0000000000000000      -0.52311631211865417     
  -56.000000000000000       -32.250000000000000      -0.32486897076729770       -0.0000000000000000      -0.55786077468876982     
  -56.000000000000000       -24.250000000000000      -0.26023837232142527       -0.0000000000000000      -0.59079097846562534     
  -56.000000000000000       -16.250000000000000      -0.18428414053335856       -0.0000000000000000      -0.61868590580414706     
  -56.000000000000000       -8.2500000000000000       -9.8593583406195381E-002  -0.0000000000000000      -0.63795563735108929     
  -56.000000000000000      -0.25000000000000000       -7.8628346341416810E-003  -0.0000000000000000      -0.64544936882875714     
  -56.000000000000000        7.7500000000000000        8.7394351249701893E-002   0.0000000000000000      -0.63958415165091143     
  -56.000000000000000        15.750000000000000       0.17398644633245772        0.0000000000000000      -0.62165696367861623     
  -56.000000000000000        23.750000000000000       0.25143341722227303        0.0000000000000000      -0.59459079594281694     
  -56.000000000000000        31.750000000000000       0.31755837893918359        0.0000000000000000      -0.56205743039695111     
  -56.000000000000000        39.750000000000000       0.37225507208254721        0.0000000000000000      -0.52744593203359791     
  -56.000000000000000        47.750000000000000       0.41453755655800356        0.0000000000000000      -0.49500461605397367     
  -56.000000000000000        55.750000000000000       0.44595538437841442        0.0000000000000000      -0.46702078781961404     
  -56.000000000000000        63.750000000000000       0.46794708885686648        0.0000000000000000      -0.44490590975552352     

  -48.000000000000000       -56.250000000000000      -0.47817810531852117       -0.0000000000000000      -0.43387058660880867     
  -48.000000000000000       -48.250000000000000      -0.45290614328250095       -0.0000000000000000      -0.46007530318996837     
  -48.000000000000000       -40.250000000000000      -0.41524780556343022       -0.0000000000000000      -0.49423306313796783     
  -48.000000000000000       -32.250000000000000      -0.36201928937206607       -0.0000000000000000      -0.53443147490624487     
  -48.000000000000000       -24.250000000000000      -0.29414899467889050       -0.0000000000000000      -0.57460477749672401     
  -48.000000000000000       -16.250000000000000      -0.21089909007982494       -0.0000000000000000      -0.61007952503276519     
  -48.000000000000000       -8.2500000000000000      -0.11384309585271979       -0.0000000000000000      -0.63536737323169157     
  -48.000000000000000      -0.25000000000000000       -9.1108974325759158E-003  -0.0000000000000000      -0.64538077772433800     
  -48.000000000000000        7.7500000000000000       0.10098927996630247        0.0000000000000000      -0.63753474362262774     
  -48.000000000000000        15.750000000000000       0.19938300100452314        0.0000000000000000      -0.61393641736916382     
  -48.000000000000000        23.750000000000000       0.28467130131672946        0.0000000000000000      -0.57935883997066306     
  -48.000000000000000        31.750000000000000       0.35452702542842762        0.0000000000000000      -0.53943494818721238     
  -48.000000000000000        39.750000000000000       0.40937171754326102        0.0000000000000000      -0.49910410092119190     
  -48.000000000000000        47.750000000000000       0.44892067784998618        0.0000000000000000      -0.46394929378989663     
  -48.000000000000000        55.750000000000000       0.47563082144960545        0.0000000000000000      -0.43665108835778615     
  -48.000000000000000        63.750000000000000       0.49147522295060081        0.0000000000000000      -0.41867267593297774     

  -40.000000000000000       -56.250000000000000      -0.50888050725986411       -0.0000000000000000      -0.39732454781170012     
  -40.000000000000000       -48.250000000000000      -0.48987063349927601       -0.0000000000000000      -0.42040225894899885     
  -40.000000000000000       -40.250000000000000      -0.45726108666886678       -0.0000000000000000      -0.45555720243008702     
  -40.000000000000000       -32.250000000000000      -0.40663551587889346       -0.0000000000000000      -0.50125398114360309     
  -40.000000000000000       -24.250000000000000      -0.33738815521712051       -0.0000000000000000      -0.55027801971125012     
  -40.000000000000000       -16.250000000000000      -0.24683073971528183       -0.0000000000000000      -0.59640260001370149     
  -40.000000000000000       -8.2500000000000000      -0.13533360396823060       -0.0000000000000000      -0.63108612320011448     
  -40.000000000000000      -0.25000000000000000       -1.0901334989249049E-002  -0.0000000000000000      -0.64528284898327415     
  -40.000000000000000        7.7500000000000000       0.12022050031116588        0.0000000000000000      -0.63413561372224736     
  -40.000000000000000        15.750000000000000       0.23389009262298538        0.0000000000000000      -0.60159076501829001     
  -40.000000000000000        23.750000000000000       0.32737099081583776        0.0000000000000000      -0.55629733770009693     
  -40.000000000000000        31.750000000000000       0.39924977762199287        0.0000000000000000      -0.50716226853948043     
  -40.000000000000000        39.750000000000000       0.45187222465600652        0.0000000000000000      -0.46089742279334384     
  -40.000000000000000        47.750000000000000       0.48659773657612598        0.0000000000000000      -0.42416929749984961     
  -40.000000000000000        55.750000000000000       0.50716340676071969        0.0000000000000000      -0.39949849147503969     
  -40.000000000000000        63.750000000000000       0.51601901263770722        0.0000000000000000      -0.38802676756006294     

  -32.000000000000000       -56.250000000000000      -0.54159665227700338       -0.0000000000000000      -0.35128231506300867     
  -32.000000000000000       -48.250000000000000      -0.52939601037365369       -0.0000000000000000      -0.36924699157520868     
  -32.000000000000000       -40.250000000000000      -0.50376019821138684       -0.0000000000000000      -0.40341994155349481     
  -32.000000000000000       -32.250000000000000      -0.45902567599727467       -0.0000000000000000      -0.45366000762164177     
  -32.000000000000000       -24.250000000000000      -0.39212763767366215       -0.0000000000000000      -0.51257043536886759     
  -32.000000000000000       -16.250000000000000      -0.29612200142286788       -0.0000000000000000      -0.57339151131528621     
  -32.000000000000000       -8.2500000000000000      -0.16693799560783085       -0.0000000000000000      -0.62359906567564694     
  -32.000000000000000      -0.25000000000000000       -1.3610107328228767E-002  -0.0000000000000000      -0.64533229484022714     
  -32.000000000000000        7.7500000000000000       0.14867713023454085        0.0000000000000000      -0.62820510675755581     
  -32.000000000000000        15.750000000000000       0.28171385187004111        0.0000000000000000      -0.58064796096809546     
  -32.000000000000000        23.750000000000000       0.38196698889453390        0.0000000000000000      -0.52018556234044733     
  -32.000000000000000        31.750000000000000       0.45222479604575955        0.0000000000000000      -0.46044531117586701     
  -32.000000000000000        39.750000000000000       0.49920641170011487        0.0000000000000000      -0.40903727184012478     
  -32.000000000000000        47.750000000000000       0.52699607668905235        0.0000000000000000      -0.37264636096893661     
  -32.000000000000000        55.750000000000000       0.54071243279135750        0.0000000000000000      -0.35261852175957992     
  -32.000000000000000        63.750000000000000       0.54299823642256939        0.0000000000000000      -0.34929906194139426     

  -24.000000000000000       -56.250000000000000      -0.57528536784806505       -0.0000000000000000      -0.29096349740648780     
  -24.000000000000000       -48.250000000000000      -0.56915249440766935       -0.0000000000000000      -0.30259289902405356     
  -24.000000000000000       -40.250000000000000      -0.55185261543807640       -0.0000000000000000      -0.33300590245696449     
  -24.000000000000000       -32.250000000000000      -0.51706304629990485       -0.0000000000000000      -0.38474378738675613     
  -24.000000000000000       -24.250000000000000      -0.45950899305961151       -0.0000000000000000      -0.45198211627633056     
  -24.000000000000000       -16.250000000000000      -0.36505159237389645       -0.0000000000000000      -0.53133948869321646     
  -24.000000000000000       -8.2500000000000000      -0.21588560355805689       -0.0000000000000000      -0.60713692722878465     
  -24.000000000000000      -0.25000000000000000       -1.8047192209306191E-002  -0.0000000000000000      -0.64392587055370976     
  -24.000000000000000        7.7500000000000000       0.19324449035403674        0.0000000000000000      -0.61469783555832935     
  -24.000000000000000        15.750000000000000       0.34944905082336947        0.0000000000000000      -0.54166395156371250     
  -24.000000000000000        23.750000000000000       0.45035009510098001        0.0000000000000000      -0.46122062350517434     
  -24.000000000000000        31.750000000000000       0.51153040514949932        0.0000000000000000      -0.39205964061544146     
  -24.000000000000000        39.750000000000000       0.54849371695651150        0.0000000000000000      -0.33850650029328461     
  -24.000000000000000        47.750000000000000       0.56766777725746076        0.0000000000000000      -0.30535165746251342     
  -24.000000000000000        55.750000000000000       0.57504500937913494        0.0000000000000000      -0.29140662340227580     
  -24.000000000000000        63.750000000000000       0.57296502617971856        0.0000000000000000      -0.29588680333547712     

  -16.000000000000000       -56.250000000000000      -0.59734051063202764       -0.0000000000000000      -0.20870594756049585     
  -16.000000000000000       -48.250000000000000      -0.59534007836690694       -0.0000000000000000      -0.21413834652344069     
  -16.000000000000000       -40.250000000000000      -0.58659709552082639       -0.0000000000000000      -0.23695411998395585     
  -16.000000000000000       -32.250000000000000      -0.56530729821452075       -0.0000000000000000      -0.28381440641013994     
  -16.000000000000000       -24.250000000000000      -0.52830513522348188       -0.0000000000000000      -0.34840499306674994     
  -16.000000000000000       -16.250000000000000      -0.45151535035692303       -0.0000000000000000      -0.44194019596692030     
  -16.000000000000000       -8.2500000000000000      -0.29472517989868291       -0.0000000000000000      -0.55787330574952854     
  -16.000000000000000      -0.25000000000000000       -2.6118999656125248E-002  -0.0000000000000000      -0.63004247972512439     
  -16.000000000000000        7.7500000000000000       0.26677660800420672        0.0000000000000000      -0.57169073662713732     
  -16.000000000000000        15.750000000000000       0.43748955087500396        0.0000000000000000      -0.45564608168043069     
  -16.000000000000000        23.750000000000000       0.52137203409407806        0.0000000000000000      -0.35853301190383807     
  -16.000000000000000        31.750000000000000       0.56214279709138004        0.0000000000000000      -0.29001970535227733     
  -16.000000000000000        39.750000000000000       0.58468319549973158        0.0000000000000000      -0.24163019586101850     
  -16.000000000000000        47.750000000000000       0.59466271834100703        0.0000000000000000      -0.21599586970686946     
  -16.000000000000000        55.750000000000000       0.59740474471088079        0.0000000000000000      -0.20848440056633474     
  -16.000000000000000        63.750000000000000       0.59444404992942412        0.0000000000000000      -0.21732652238121528     

  -8.0000000000000000       -56.250000000000000      -0.44419789381043673       -0.0000000000000000       -8.1911326788509556E-002
  -8.0000000000000000       -48.250000000000000      -0.44437590255373088       -0.0000000000000000       -8.1973873254160029E-002
  -8.0000000000000000       -40.250000000000000      -0.44281542905779209       -0.0000000000000000       -9.0025502540245272E-002
  -8.0000000000000000       -32.250000000000000      -0.43734076494598101       -0.0000000000000000      -0.11226941584677641     
  -8.0000000000000000       -24.250000000000000      -0.42518165536225427       -0.0000000000000000      -0.14613281713224002     
  -8.0000000000000000       -16.250000000000000      -0.39503178881250145       -0.0000000000000000      -0.19343186482663027     
  -8.0000000000000000       -8.2500000000000000      -0.30014409593602703       -0.0000000000000000      -0.31250061105756965     
  -8.0000000000000000      -0.25000000000000000       -2.9735933341922465E-002  -0.0000000000000000      -0.46080565668302192     
  -8.0000000000000000        7.7500000000000000       0.27949264745860714        0.0000000000000000      -0.33740680782707694     
  -8.0000000000000000        15.750000000000000       0.38773709121869382        0.0000000000000000      -0.20266463395446860     
  -8.0000000000000000        23.750000000000000       0.42281300538201649        0.0000000000000000      -0.15076831583286734     
  -8.0000000000000000        31.750000000000000       0.43692333071517370        0.0000000000000000      -0.11404374135117926     
  -8.0000000000000000        39.750000000000000       0.44226792926625902        0.0000000000000000       -9.2532062648612537E-002
  -8.0000000000000000        47.750000000000000       0.44429091459443287        0.0000000000000000       -8.2495551458003524E-002
  -8.0000000000000000        55.750000000000000       0.44429925816202398        0.0000000000000000       -8.1526683565220873E-002
  -8.0000000000000000        63.750000000000000       0.44289700138115745        0.0000000000000000       -8.7691155201556431E-002

   0.0000000000000000       -56.250000000000000       -4.0705179865856235E-002  -0.0000000000000000        7.9074208133552565E-003
   0.0000000000000000       -48.250000000000000       -4.0406483916848791E-002  -0.0000000000000000        2.9213526222980945E-003
   0.0000000000000000       -40.250000000000000       -4.0299188965859094E-002  -0.0000000000000000        4.4171739404112259E-004
   0.0000000000000000       -32.250000000000000       -3.9865224715514382E-002  -0.0000000000000000        1.9808807311755151E-003
   0.0000000000000000       -24.250000000000000       -3.6584644057512071E-002  -0.0000000000000000        5.0890752287721152E-003
   0.0000000000000000       -16.250000000000000       -2.4772011165802958E-002  -0.0000000000000000       -1.3744645197134738E-003
   0.0000000000000000       -8.2500000000000000       -6.0751111190279844E-002  -0.0000000000000000       -4.3061542851475766E-002
   0.0000000000000000      -0.25000000000000000        2.3035121574930743E-003   0.0000000000000000       -5.0822184556807787E-002
   0.0000000000000000        7.7500000000000000        4.8792191313406355E-002   0.0000000000000000       -5.0895171682992901E-002
   0.0000000000000000        15.750000000000000        2.5009295908260419E-002   0.0000000000000000       -7.0668586896988801E-003
   0.0000000000000000        23.750000000000000        3.5375646706515357E-002   0.0000000000000000        5.4346264574008825E-003
   0.0000000000000000        31.750000000000000        3.9861041447653574E-002   0.0000000000000000        2.0243801449480827E-003
   0.0000000000000000        39.750000000000000        4.0232290348862734E-002   0.0000000000000000        3.7872210098508473E-004
   0.0000000000000000        47.750000000000000        4.0392813001929838E-002   0.0000000000000000        2.4921290397292161E-003
   0.0000000000000000        55.750000000000000        4.0642871235134943E-002   0.0000000000000000        7.1180671485961003E-003
   0.0000000000000000        63.750000000000000        4.1376282211114439E-002   0.0000000000000000        1.4923927256328400E-002

   8.0000000000000000       -56.250000000000000        9.4543834670633465E-005   0.0000000000000000        1.2597329180157706E-003
   8.0000000000000000       -48.250000000000000       -6.7340376643234905E-004  -0.0000000000000000        8.2629655708684152E-004
   8.0000000000000000       -40.250000000000000       -7.7266319225857780E-004  -0.0000000000000000        6.5891692200644413E-004
   8.0000000000000000       -32.250000000000000       -1.0562470768458959E-003  -0.0000000000000000       -6.1723113939376854E-004
   8.0000000000000000       -24.250000000000000        8.4776724385359181E-005   0.0000000000000000        6.9434169283421861E-004
   8.0000000000000000       -16.250000000000000       -1.4631244107443805E-004  -0.0000000000000000       -4.5538478787424605E-003
   8.0000000000000000       -8.2500000000000000       -2.0217478186308511E-002  -0.0000000000000000       -1.3112699497760737E-002
   8.0000000000000000      -0.25000000000000000        8.0173964450388656E-004   0.0000000000000000        9.3858441605185229E-003
   8.0000000000000000        7.7500000000000000        1.8072184793598334E-002   0.0000000000000000       -1.0172056421329541E-002
   8.0000000000000000        15.750000000000000        1.1191753531307638E-003   0.0000000000000000       -6.1349455390329183E-003
   8.0000000000000000        23.750000000000000       -3.2974409693497153E-004  -0.0000000000000000        2.2819049153143510E-004
   8.0000000000000000        31.750000000000000        1.3391373336210102E-003   0.0000000000000000       -1.0014258766917329E-003
   8.0000000000000000        39.750000000000000        6.4990261903243290E-004   0.0000000000000000        1.1204759140277850E-003
   8.0000000000000000        47.750000000000000        7.1102230850001846E-004   0.0000000000000000        7.7614716219359561E-004
   8.0000000000000000        55.750000000000000        6.3622199346966216E-005   0.0000000000000000        1.2044766750322190E-003
   8.0000000000000000        63.750000000000000       -1.9480294933497538E-003  -0.0000000000000000        1.5578253108503876E-003

   16.000000000000000       -56.250000000000000        1.9393918071462633E-004   0.0000000000000000       -2.6025078435399404E-004
   16.000000000000000       -48.250000000000000       -4.3587282866328545E-006  -0.0000000000000000       -6.8666849438082532E-005
   16.000000000000000       -40.250000000000000       -1.8758447811658071E-005  -0.0000000000000000        8.6394633983611756E-005
   16.000000000000000       -32.250000000000000       -1.3503497013674502E-004  -0.0000000000000000       -2.8731555139452949E-004
   16.000000000000000       -24.250000000000000       -2.2499535033254094E-004  -0.0000000000000000        2.5085452279883537E-004
   16.000000000000000       -16.250000000000000        8.5586882776493320E-005   0.0000000000000000       -1.0764857373493353E-003
   16.000000000000000       -8.2500000000000000       -8.1483727298203878E-004  -0.0000000000000000       -3.0556375362387894E-003
   16.000000000000000      -0.25000000000000000       -4.6106401110585903E-005  -0.0000000000000000       -6.0383394081927914E-003
   16.000000000000000        7.7500000000000000        9.8199156996284578E-004   0.0000000000000000       -3.4886648066008094E-003
   16.000000000000000        15.750000000000000       -6.1990681036856434E-005  -0.0000000000000000       -1.2584974473881703E-003
   16.000000000000000        23.750000000000000        1.4040279284650649E-004   0.0000000000000000        1.7893931155631799E-004
   16.000000000000000        31.750000000000000        2.7514937101768595E-004   0.0000000000000000       -5.0166420736368696E-004
   16.000000000000000        39.750000000000000       -5.9915421423762340E-005  -0.0000000000000000        2.6992090689015368E-004
   16.000000000000000        47.750000000000000        1.6769021245292402E-005   0.0000000000000000       -5.3952538264532651E-005
   16.000000000000000        55.750000000000000       -1.5891911325171997E-004  -0.0000000000000000       -2.2626312480509607E-004
   16.000000000000000        63.750000000000000       -5.0902968910333649E-004  -0.0000000000000000       -6.3443979995762856E-004

   24.000000000000000       -56.250000000000000        2.7601854067871258E-005   0.0000000000000000       -1.1114577033565406E-004
   24.000000000000000       -48.250000000000000       -2.1933661490621669E-005  -0.0000000000000000       -5.6178509189690598E-005
   24.000000000000000       -40.250000000000000       -2.4047560882757477E-005  -0.0000000000000000       -1.2822475886482769E-006
   24.000000000000000       -32.250000000000000       -2.4124519966936975E-004  -0.0000000000000000       -3.2966448423661415E-004
   24.000000000000000       -24.250000000000000       -6.0992149675485305E-005  -0.0000000000000000        5.8138071402916387E-005
   24.000000000000000       -16.250000000000000        4.1988971505573341E-005   0.0000000000000000        1.1278231153660758E-004
   24.000000000000000       -8.2500000000000000       -1.7959138114896881E-005  -0.0000000000000000       -2.9607663900590173E-004
   24.000000000000000      -0.25000000000000000        8.1887253568090987E-005   0.0000000000000000       -3.8576787324880055E-004
   24.000000000000000        7.7500000000000000        3.0566996757323135E-005   0.0000000000000000       -3.2085145776166292E-004
   24.000000000000000        15.750000000000000       -7.2708211573751217E-005  -0.0000000000000000        5.0062375808305519E-005
   24.000000000000000        23.750000000000000        1.5300693906272923E-004   0.0000000000000000        8.5545644779330549E-005
   24.000000000000000        31.750000000000000        2.0391039690189638E-004   0.0000000000000000       -2.9017380777265228E-004
   24.000000000000000        39.750000000000000        2.0493852675591580E-006   0.0000000000000000        3.4777948635364295E-005
   24.000000000000000        47.750000000000000        2.5453712353761063E-005   0.0000000000000000       -5.0303968453185840E-005
   24.000000000000000        55.750000000000000       -1.9610568584965840E-005  -0.0000000000000000       -1.0315060010944052E-004
   24.000000000000000        63.750000000000000       -9.2851098100952067E-005  -0.0000000000000000       -1.8198629329026713E-004

   32.000000000000000       -56.250000000000000        1.4417661865389375E-005   0.0000000000000000       -4.9458023135376691E-005
   32.000000000000000       -48.250000000000000       -7.6630947969896696E-006  -0.0000000000000000       -4.0095485082807894E-005
   32.000000000000000       -40.250000000000000       -1.1856116191591167E-005  -0.0000000000000000       -2.6070520915407763E-005
   32.000000000000000       -32.250000000000000       -3.2155768227889282E-005  -0.0000000000000000       -5.2358326627365368E-005
   32.000000000000000       -24.250000000000000        1.9499085264200550E-005   0.0000000000000000       -3.8318043457777268E-005
   32.000000000000000       -16.250000000000000        6.8884203374865166E-005   0.0000000000000000        5.8583859694272576E-005
   32.000000000000000       -8.2500000000000000       -7.7955843401566110E-005  -0.0000000000000000        1.3694901986552492E-004
   32.000000000000000      -0.25000000000000000        2.0372847769665266E-006   0.0000000000000000        8.9424422996369597E-005
   32.000000000000000        7.7500000000000000        7.2410343022777317E-005   0.0000000000000000        1.2993581071551289E-004
   32.000000000000000        15.750000000000000       -2.9402004301096647E-005  -0.0000000000000000        9.9715617051337655E-005
   32.000000000000000        23.750000000000000       -4.8963021544641727E-005  -0.0000000000000000       -1.8506998532099367E-005
   32.000000000000000        31.750000000000000        7.3722351159266795E-005   0.0000000000000000       -9.1566678717844497E-005
   32.000000000000000        39.750000000000000        9.2863955328953249E-006   0.0000000000000000       -2.2464262457865456E-005
   32.000000000000000        47.750000000000000        9.3494999165479398E-006   0.0000000000000000       -3.8621749615884626E-005
   32.000000000000000        55.750000000000000       -1.0938551768978358E-005  -0.0000000000000000       -4.8489131307477210E-005
   32.000000000000000        63.750000000000000       -4.3293601922871660E-005  -0.0000000000000000       -5.5182732186442113E-005

   40.000000000000000       -56.250000000000000        1.3551652049648245E-005   0.0000000000000000       -5.2338254552938243E-005
   40.000000000000000       -48.250000000000000       -1.8197015636737677E-006  -0.0000000000000000       -5.1616274422483274E-005
   40.000000000000000       -40.250000000000000       -5.7627675851621108E-006  -0.0000000000000000       -4.7997558809833125E-005
   40.000000000000000       -32.250000000000000        1.2447995519232548E-005   0.0000000000000000       -3.4274851293695073E-005
   40.000000000000000       -24.250000000000000       -5.1220562408640534E-005  -0.0000000000000000       -7.6989440373299286E-005
   40.000000000000000       -16.250000000000000        3.3507324580593564E-006   0.0000000000000000       -5.4248164511705609E-005
   40.000000000000000       -8.2500000000000000        2.0683891987918442E-005   0.0000000000000000       -6.0128681647927486E-005
   40.000000000000000      -0.25000000000000000        1.8285773151048599E-006   0.0000000000000000       -6.5838119468209863E-005
   40.000000000000000        7.7500000000000000       -1.8735492491573181E-005  -0.0000000000000000       -6.1365148690208752E-005
   40.000000000000000        15.750000000000000       -9.9728046073744207E-006  -0.0000000000000000       -5.3407607200498065E-005
   40.000000000000000        23.750000000000000        5.0662688000097970E-005   0.0000000000000000       -7.6011686604923553E-005
   40.000000000000000        31.750000000000000       -1.3590419366546867E-005  -0.0000000000000000       -3.3780030215831741E-005
   40.000000000000000        39.750000000000000        5.4292757474088298E-006   0.0000000000000000       -4.7598257395912148E-005
   40.000000000000000        47.750000000000000        3.0049005078197480E-006   0.0000000000000000       -5.1238314878239178E-005
   40.000000000000000        55.750000000000000       -1.1150386092859281E-005  -0.0000000000000000       -5.2494452904556336E-005
   40.000000000000000        63.750000000000000       -3.3226745430495105E-005  -0.0000000000000000       -4.9261591521140793E-005

   48.000000000000000       -56.250000000000000       -1.1154223296366796E-005  -0.0000000000000000       -8.1410708412948042E-006
   48.000000000000000       -48.250000000000000       -1.1421574305263388E-005  -0.0000000000000000       -4.7766953991642857E-006
   48.000000000000000       -40.250000000000000       -7.1776201695551186E-006  -0.0000000000000000       -2.6245653728582121E-006
   48.000000000000000       -32.250000000000000       -7.4027253862101530E-006  -0.0000000000000000       -2.4103118094446995E-006
   48.000000000000000       -24.250000000000000       -3.7509494892143758E-006  -0.0000000000000000        1.8770728756912714E-008
   48.000000000000000       -16.250000000000000       -1.6422739054337510E-005  -0.0000000000000000       -8.8018430239665451E-006
   48.000000000000000       -8.2500000000000000       -7.4330701610661767E-006  -0.0000000000000000       -1.0628104693666268E-005
   48.000000000000000      -0.25000000000000000       -3.5326487127098978E-007  -0.0000000000000000       -1.2350791377356906E-005
   48.000000000000000        7.7500000000000000        6.0909163118631113E-006   0.0000000000000000       -1.0890309473999608E-005
   48.000000000000000        15.750000000000000        1.6241799161409150E-005   0.0000000000000000       -9.1932557565922943E-006
   48.000000000000000        23.750000000000000        5.2728454402684936E-006   0.0000000000000000       -1.0885544176705542E-006
   48.000000000000000        31.750000000000000        7.4711289457509072E-006   0.0000000000000000       -2.2616557804064517E-006
   48.000000000000000        39.750000000000000        6.8564393539880784E-006   0.0000000000000000       -2.5470263967649080E-006
   48.000000000000000        47.750000000000000        1.0965514037183246E-005   0.0000000000000000       -4.3817076554834502E-006
   48.000000000000000        55.750000000000000        1.1633614163084486E-005   0.0000000000000000       -7.7510525880299025E-006
   48.000000000000000        63.750000000000000        3.9718906567039564E-006   0.0000000000000000       -1.0148208259871798E-005

   56.000000000000000       -56.250000000000000       -6.4713619087222732E-005  -0.0000000000000000        6.4972454012294449E-005
   56.000000000000000       -48.250000000000000       -5.5810773976589866E-005  -0.0000000000000000        7.0772110071396529E-005
   56.000000000000000       -40.250000000000000       -4.9212262805312894E-005  -0.0000000000000000        7.5518806614454365E-005
   56.000000000000000       -32.250000000000000       -4.2478723253457709E-005  -0.0000000000000000        8.0350371028264849E-005
   56.000000000000000       -24.250000000000000       -3.4695079439690468E-005  -0.0000000000000000        8.5405935435731059E-005
   56.000000000000000       -16.250000000000000       -2.5011085075430419E-005  -0.0000000000000000        9.1105847161014573E-005
   56.000000000000000       -8.2500000000000000       -1.5007649459881796E-005  -0.0000000000000000        9.5081432029327860E-005
   56.000000000000000      -0.25000000000000000       -1.3561909014576896E-006  -0.0000000000000000        9.6830411848392785E-005
   56.000000000000000        7.7500000000000000        1.3530393055077968E-005   0.0000000000000000        9.5440596403598092E-005
   56.000000000000000        15.750000000000000        2.3804979922436815E-005   0.0000000000000000        9.1720041639890520E-005
   56.000000000000000        23.750000000000000        3.3616665309552016E-005   0.0000000000000000        8.6096656555577236E-005
   56.000000000000000        31.750000000000000        4.1545117942318519E-005   0.0000000000000000        8.0969034306966342E-005
   56.000000000000000        39.750000000000000        4.8443405828165659E-005   0.0000000000000000        7.6106255125711240E-005
   56.000000000000000        47.750000000000000        5.4873198630076886E-005   0.0000000000000000        7.1397728628300986E-005
   56.000000000000000        55.750000000000000        6.3491854424890966E-005   0.0000000000000000        6.5784633287635364E-005
   56.000000000000000        63.750000000000000        7.3688593235460894E-005   0.0000000000000000        5.8571491466018671E-005

   64.000000000000000       -56.250000000000000        6.6809533327013456E-005   0.0000000000000000       -7.2139741114758763E-005
   64.000000000000000       -48.250000000000000        6.0391857532727707E-005   0.0000000000000000       -7.7659953487367359E-005
   64.000000000000000       -40.250000000000000        5.3276823843984734E-005   0.0000000000000000       -8.2753942883989241E-005
   64.000000000000000       -32.250000000000000        4.5383862158158365E-005   0.0000000000000000       -8.7530210162300334E-005
   64.000000000000000       -24.250000000000000        3.6381020282304376E-005   0.0000000000000000       -9.1916019623290872E-005
   64.000000000000000       -16.250000000000000        2.6095903482740184E-005   0.0000000000000000       -9.5618178250152965E-005
   64.000000000000000       -8.2500000000000000        1.4372506734971242E-005   0.0000000000000000       -9.8116649081781738E-005
   64.000000000000000      -0.25000000000000000        1.2232400089140729E-006   0.0000000000000000       -9.9082849843824068E-005
   64.000000000000000        7.7500000000000000       -1.2799834227547157E-005  -0.0000000000000000       -9.8324783688349108E-005
   64.000000000000000        15.750000000000000       -2.4710612767544665E-005  -0.0000000000000000       -9.6007276847358085E-005
   64.000000000000000        23.750000000000000       -3.5170522372839107E-005  -0.0000000000000000       -9.2424509705598957E-005
   64.000000000000000        31.750000000000000       -4.4322398337336477E-005  -0.0000000000000000       -8.8104149896826162E-005
   64.000000000000000        39.750000000000000       -5.2342354282162744E-005  -0.0000000000000000       -8.3366877127564172E-005
   64.000000000000000        47.750000000000000       -5.9532498517018382E-005  -0.0000000000000000       -7.8318752321031689E-005
   64.000000000000000        55.750000000000000       -6.6067240372452482E-005  -0.0000000000000000       -7.2851391437703090E-005
   64.000000000000000        63.750000000000000       -7.1320823447040509E-005  -0.0000000000000000       -6.7048995682858508E-005

