# mWHIM,mCond,mDif,mHalo
9.256229388787802215e-01 9.033855318317873069e-04 9.256229388787802215e-01 9.033855318317873069e-04
9.400607959529062585e-01 1.563524933101095469e-03 9.400607959529062585e-01 1.563524933101095469e-03
9.681744765336884884e-01 6.747874480348060216e-05 9.681744765336884884e-01 6.747874480348060216e-05
8.871901370224680727e-01 1.211929409414327788e-03 8.871901370224680727e-01 1.211929409414327788e-03
8.796436511249605683e-01 6.956729530383198336e-03 8.796436511249605683e-01 6.956729530383198336e-03
7.764293056089139888e-01 1.638280713357848084e-02 7.764293056089139888e-01 1.638280713357848084e-02
9.112750442977660681e-01 2.864782342217192697e-03 9.112750442977660681e-01 2.864782342217192697e-03
9.128189365832368729e-01 1.586908486511434593e-03 9.128189365832368729e-01 1.586908486511434593e-03
8.290804801725637496e-01 2.042572606593137316e-02 8.290804801725637496e-01 2.042572606593137316e-02
7.932272479150798139e-01 1.227120045565172936e-02 7.932272479150798139e-01 1.227120045565172936e-02
8.885392198814161535e-01 1.123638206823919169e-02 8.885392198814161535e-01 1.123638206823919169e-02
9.572257854378152242e-01 1.157248418819134311e-04 9.572257854378152242e-01 1.157248418819134311e-04
8.753185695528108434e-01 5.339356231293837345e-03 8.753185695528108434e-01 5.339356231293837345e-03
7.346712958293842854e-01 1.971127309273982761e-02 7.346712958293842854e-01 1.971127309273982761e-02
9.516406344693273400e-01 1.955013649313123796e-04 9.516406344693273400e-01 1.955013649313123796e-04
9.326896426533188844e-01 3.835520365076354595e-04 9.326896426533188844e-01 3.835520365076354595e-04
9.544865166888339969e-01 3.914963564897108728e-03 9.544865166888339969e-01 3.914963564897108728e-03
8.450094155968478349e-01 1.013420952935717434e-02 8.450094155968478349e-01 1.013420952935717434e-02
7.150537349572061441e-01 1.644846272275311480e-02 7.150537349572061441e-01 1.644846272275311480e-02
9.673657658842934604e-01 3.740102713915445916e-05 9.673657658842934604e-01 3.740102713915445916e-05
9.476073466697998438e-01 2.961361641078817013e-04 9.476073466697998438e-01 2.961361641078817013e-04
6.945155511396696735e-01 2.486992166447002731e-02 6.945155511396696735e-01 2.486992166447002731e-02
8.465671397954760424e-01 9.724874483279060539e-03 8.465671397954760424e-01 9.724874483279060539e-03
9.114628105209580111e-01 6.986696584389540370e-04 9.114628105209580111e-01 6.986696584389540370e-04
7.496314364049131429e-01 1.876964607082064196e-02 7.496314364049131429e-01 1.876964607082064196e-02
7.709887062391063139e-01 1.530685271458469623e-02 7.709887062391063139e-01 1.530685271458469623e-02
9.667661346393646715e-01 2.978165775332422137e-04 9.667661346393646715e-01 2.978165775332422137e-04
8.218026716948797494e-01 1.239912022876044941e-02 8.218026716948797494e-01 1.239912022876044941e-02
7.082233333548808574e-01 2.714367137856584303e-02 7.082233333548808574e-01 2.714367137856584303e-02
7.931818260835445944e-01 1.892851142786046784e-02 7.931818260835445944e-01 1.892851142786046784e-02
8.978339430788325748e-01 2.522545831787629395e-03 8.978339430788325748e-01 2.522545831787629395e-03
9.455797693660811243e-01 5.447533195566033265e-04 9.455797693660811243e-01 5.447533195566033265e-04
7.417974982185561172e-01 1.715198555799219912e-02 7.417974982185561172e-01 1.715198555799219912e-02
8.364882353968821072e-01 6.529800480046234201e-03 8.364882353968821072e-01 6.529800480046234201e-03
7.713969678466883195e-01 1.191232698429258406e-02 7.713969678466883195e-01 1.191232698429258406e-02
7.899839133011599124e-01 5.852395485806889328e-03 7.899839133011599124e-01 5.852395485806889328e-03
8.583545944391864913e-01 5.339814831047643914e-03 8.583545944391864913e-01 5.339814831047643914e-03
8.769909256047825341e-01 2.245145436502659145e-03 8.769909256047825341e-01 2.245145436502659145e-03
9.082772501048552716e-01 1.652869026155055071e-03 9.082772501048552716e-01 1.652869026155055071e-03
9.159090320776988037e-01 7.241168013564812985e-04 9.159090320776988037e-01 7.241168013564812985e-04
8.845210831719374500e-01 3.152351451828920917e-03 8.845210831719374500e-01 3.152351451828920917e-03
7.829127260851953540e-01 1.506654713168286731e-02 7.829127260851953540e-01 1.506654713168286731e-02
9.594968990629599848e-01 3.612844616924050295e-04 9.594968990629599848e-01 3.612844616924050295e-04
9.420130209554955503e-01 1.599836397100399751e-03 9.420130209554955503e-01 1.599836397100399751e-03
8.093919145206721621e-01 1.063168630585618890e-02 8.093919145206721621e-01 1.063168630585618890e-02
9.067740333441276501e-01 3.628208693404507811e-03 9.067740333441276501e-01 3.628208693404507811e-03
9.602217957732641640e-01 1.034609165002143595e-03 9.602217957732641640e-01 1.034609165002143595e-03
9.564735155036269143e-01 1.153049526455910263e-04 9.564735155036269143e-01 1.153049526455910263e-04
7.327492307352508893e-01 2.125903481637424555e-02 7.327492307352508893e-01 2.125903481637424555e-02
6.386756134916541372e-01 5.123435040859813938e-02 6.386756134916541372e-01 5.123435040859813938e-02
7.984644981826045651e-01 1.524059605922942727e-02 7.984644981826045651e-01 1.524059605922942727e-02
7.737705923660097573e-01 1.813881458798165605e-02 7.737705923660097573e-01 1.813881458798165605e-02
8.025254361348810317e-01 2.238270303503329256e-02 8.025254361348810317e-01 2.238270303503329256e-02
7.908549528450896648e-01 7.202642390080254975e-03 7.908549528450896648e-01 7.202642390080254975e-03
9.453342743484296484e-01 1.651601512951755011e-03 9.453342743484296484e-01 1.651601512951755011e-03
9.665475212925493942e-01 5.810355459908088079e-04 9.665475212925493942e-01 5.810355459908088079e-04
8.990436774364165551e-01 8.220465913048726619e-03 8.990436774364165551e-01 8.220465913048726619e-03
6.818849317874153826e-01 3.429945759373800862e-02 6.818849317874153826e-01 3.429945759373800862e-02
9.319019310317299132e-01 1.274662217418085245e-03 9.319019310317299132e-01 1.274662217418085245e-03
9.705626423325165453e-01 1.582258626530066558e-04 9.705626423325165453e-01 1.582258626530066558e-04
7.126711491792537823e-01 3.408603473048982951e-02 7.126711491792537823e-01 3.408603473048982951e-02
7.231068537924297823e-01 1.633386312476767938e-02 7.231068537924297823e-01 1.633386312476767938e-02
7.804636951744746698e-01 1.325381820952629963e-02 7.804636951744746698e-01 1.325381820952629963e-02
8.795996093774106628e-01 4.986192231105693144e-03 8.795996093774106628e-01 4.986192231105693144e-03
