# mWHIM,mCond,mDif,mHalo
7.656744021066749090e-03 7.169378953632195295e-02 9.256161711484161003e-01 9.033842351733764554e-04
7.643295775923894184e-03 5.660192316737659712e-02 9.400614827794716577e-01 1.563521931940528662e-03
1.755819099666957889e-03 3.586853908620758757e-02 9.681791756158777407e-01 6.747879793332274849e-05
9.468427604170191053e-03 1.060409348504709609e-01 8.871876178460256224e-01 1.211926197301811930e-03
1.808241746969144192e-02 1.011873492598683727e-01 8.796430174763064658e-01 6.956727241976625592e-03
3.805846153649536379e-02 1.749984413805734107e-01 7.764308515296363122e-01 1.638285785902034511e-02
1.007388036934687633e-02 8.165250560018685877e-02 9.112790810079385295e-01 2.864786522358586749e-03
1.117692771368895312e-02 7.832855547683695296e-02 9.128174213278462679e-01 1.586908346363726701e-03
2.647473452733187585e-02 1.298914015994585280e-01 8.290798178902036852e-01 2.042573905893279793e-02
3.659973784678356712e-02 1.637742212957734034e-01 7.932266262350954333e-01 1.227121487858036375e-02
1.361368903982404163e-02 9.248023352214071457e-02 8.885386319693098223e-01 1.123639675927783424e-02
2.779941434833699612e-03 4.378527892978793107e-02 9.572297050790862238e-01 1.157247432374296686e-04
1.663111959118859437e-02 1.066228121752866437e-01 8.753154076751662460e-01 5.339345245203332146e-03
6.280656839754786280e-02 1.867235939438862680e-01 7.346688043524076672e-01 1.971127909803917569e-02
2.438570834274914056e-03 4.963162273763789545e-02 9.516438564414405610e-01 1.955009231772705856e-04
4.090280792233797619e-03 6.478783729216132381e-02 9.326908157651302433e-01 3.835512703889748694e-04
5.788826696638910141e-03 4.168281554076870565e-02 9.544823931489880842e-01 3.914949464849714310e-03
2.725467618713116325e-02 1.234730962649346758e-01 8.450117510243534413e-01 1.013423202581396204e-02
5.802151869673706497e-02 2.163468766794392761e-01 7.150522309375239027e-01 1.644843070385236874e-02
1.903550250850998340e-03 3.460035314003338108e-02 9.673695300871559821e-01 3.740120302636256404e-05
3.735869077780224271e-03 5.423103674762240478e-02 9.476093665005805855e-01 2.961365791728469009e-04
5.481885086744169022e-02 2.316650469627814790e-01 6.945161285072273261e-01 2.486987283450300609e-02
1.789599002980077347e-02 1.316841296036853348e-01 8.465657872865860467e-01 9.724854854795432144e-03
5.427717769275584511e-03 8.631892618357957236e-02 9.114661090121682907e-01 6.986710105222769442e-04
4.296373225959025655e-02 1.945062970379808354e-01 7.496308335263858202e-01 1.876962371564408136e-02
3.393169254233662641e-02 1.856424891442445824e-01 7.709912927606007438e-01 1.530686191648424760e-02
2.376383078212972264e-03 3.642769929865938977e-02 9.667692989460510145e-01 2.978172583720044807e-04
2.595239978581085835e-02 1.437558410691174016e-01 8.218036773079571145e-01 1.239913355554719647e-02
5.614933479047819198e-02 2.123911787520806616e-01 7.082232259732703650e-01 2.714359627256419938e-02
3.306161611265043265e-02 1.587392194141090951e-01 7.931819204529572120e-01 1.892855745054820155e-02
1.306470389583680621e-02 9.048968252159354797e-02 8.978321773396977790e-01 2.522541211260343526e-03
4.050895580557708348e-03 5.177871870003598886e-02 9.455764622029083633e-01 5.447502343249582954e-04
3.970503228394093448e-02 2.072174176082096642e-01 7.417942143877572780e-01 1.715190846350103659e-02
1.907109186520294930e-02 1.437807823625820991e-01 8.364824090802468470e-01 6.529762370737213217e-03
4.019681801272121519e-02 1.823633055702855166e-01 7.713980879061107521e-01 1.191233591961419688e-02
4.121229332391154049e-02 1.668623872088878524e-01 7.899825234481747671e-01 5.852387873854893521e-03
1.445218829490233121e-02 1.277241310727105505e-01 8.583563431421361578e-01 5.339841703428206861e-03
1.140625977230215991e-02 1.152317319574228671e-01 8.769874567320019576e-01 2.245140776655000798e-03
9.408252375938284603e-03 8.653263312218777148e-02 9.082771748947463530e-01 1.652871602873391601e-03
5.820798794626360663e-03 8.145558606488154108e-02 9.159104660937701370e-01 7.241173331634036909e-04
1.504361864716920183e-02 1.031534793267265271e-01 8.845201294118546498e-01 3.152344855029332558e-03
3.507028112714292989e-02 1.728176153995366615e-01 7.829155638590482580e-01 1.506660142462503717e-02
3.570047582476637039e-03 4.244063477800125161e-02 9.595003429298950559e-01 3.612866134099816055e-04
5.933225217975451361e-03 5.436566468324398327e-02 9.420112211756077603e-01 1.599833949573137943e-03
3.331061193014903110e-02 1.505750968734932693e-01 8.093897776986336279e-01 1.063164866267196987e-02
1.170202568615003914e-02 8.180367970005705813e-02 9.067742665536803193e-01 3.628205268765075531e-03
4.639228214638715236e-03 3.800844228020836685e-02 9.602264448441364397e-01 1.034612062188137310e-03
2.350499842976532579e-03 4.301030819549808010e-02 9.564774843964056750e-01 1.153052032607536007e-04
4.493198846925009621e-02 2.049731686948370324e-01 7.327468089485835723e-01 2.125898461621205521e-02
7.037415972693550348e-02 2.436267835314196717e-01 6.386786540502125131e-01 5.123459983166380599e-02
4.870573179895358595e-02 1.415017090230939467e-01 7.984623677713290624e-01 1.524058361517540566e-02
4.229394677363690347e-02 1.677504247437967833e-01 7.737681917844974055e-01 1.813884193693412333e-02
3.111096318347269032e-02 1.478899364212414302e-01 8.025242951742462827e-01 2.238267017022325944e-02
3.253053314541213409e-02 1.733205312013997024e-01 7.908543934681181442e-01 7.202648109447900258e-03
6.411902037539051434e-03 5.050801391349349356e-02 9.453378758322309450e-01 1.651606396297846660e-03
4.661971036561744948e-03 3.016249952411331758e-02 9.665477574218568346e-01 5.810350093733001329e-04
1.110222314739607585e-02 8.554307365072058578e-02 8.990451476037800704e-01 8.220458749853620101e-03
6.910980254390929056e-02 2.186160094984887226e-01 6.818846244292672276e-01 3.429941768899353455e-02
6.841411345475652793e-03 6.388818952857723554e-02 9.319096595341069822e-01 1.274671876115797539e-03
2.456538349087321847e-03 2.877144855205527457e-02 9.705680009880586212e-01 1.582266863262976597e-04
5.445739619575683949e-02 2.007367525284230181e-01 7.126722852734291846e-01 3.408604893166702898e-02
4.401161879082318706e-02 2.185021275661931106e-01 7.231069757696013678e-01 1.633386649318619571e-02
3.605860080505352006e-02 1.721797186289911741e-01 7.804647624680616236e-01 1.325381750922489943e-02
1.426169771047371658e-02 1.011533984214641052e-01 8.795974494003779842e-01 4.986189820417040973e-03
