2.617558930952168517e-01 1.211574710410678185e-01 4.070556192099058501e-01 2.100296447298601321e-01
1.210411509172358707e-01 1.224566923334059060e-01 6.462940128339746959e-01 1.102106039404538301e-01
2.276485787484972545e-01 1.281313846443258020e-01 4.853096826879781389e-01 1.589008385419668212e-01
2.565298680810896848e-01 9.758566492180174856e-02 3.416196266490943989e-01 3.042390295251612420e-01
1.977043560301955938e-01 1.305746110605021937e-01 4.860193482864713088e-01 1.857049000154588070e-01
1.850044026158138011e-01 1.420277351816164602e-01 5.248456134441168430e-01 1.481268311290623030e-01
2.635758690214822231e-01 9.651679664760509647e-02 3.879834776709856214e-01 2.519212443827195114e-01
3.264343588514745931e-01 8.034219226276695380e-02 2.505353815064161327e-01 3.426848068053878760e-01
1.953982195403632938e-01 1.421621552654719067e-01 5.159543593318159926e-01 1.464732898407758721e-01
2.061875060241527002e-01 1.307137349346096933e-01 4.491294946300730673e-01 2.139663845044434687e-01
1.280158838329512883e-01 1.411109327893354248e-01 6.313681455971311696e-01 9.949782356144563911e-02
1.050670934510014587e-01 7.647550526154993367e-02 7.172232746164823869e-01 1.012320424978260386e-01
1.819887316033910740e-01 1.533389108212548091e-01 5.297629070873619561e-01 1.349062142976593104e-01
2.156055704751869695e-01 1.372117633450685159e-01 4.813470653607647143e-01 1.658175562306790085e-01
1.677687721790631914e-01 1.066467431702924490e-01 5.207849560037893788e-01 2.047980472298251697e-01
9.011779791889791558e-02 1.115159864984218846e-01 7.165505081123205722e-01 8.182360288050168073e-02
2.576670469195181390e-01 1.368948689815509823e-01 3.607994748625771853e-01 2.446187369545423929e-01
1.895195668454948412e-01 1.315770701711536372e-01 4.960566553575719295e-01 1.828394063551708193e-01
2.032009870123732409e-01 1.120371806115421087e-01 5.020919649103108284e-01 1.826671743712850182e-01
2.712461001594036469e-01 1.273870010772763517e-01 3.321969959626377977e-01 2.691536980254496392e-01
2.128934971672066523e-01 1.455758880128628086e-01 4.394225643925523950e-01 2.021100203273072382e-01
1.640596675364473789e-01 1.542909643257356078e-01 5.501862251341252952e-01 1.314578324379221119e-01
2.379946569847573301e-01 1.314016607899113065e-01 4.029738617721375094e-01 2.276214369037780072e-01
1.802137296049320381e-01 1.563036844142026704e-01 5.103614237624716221e-01 1.531070330508801369e-01
2.788693724873926860e-01 1.056902018960423767e-01 3.156708458691753760e-01 2.997565160035761678e-01
1.928891400242862264e-01 1.227419199157191304e-01 5.085966664451317953e-01 1.757665093675443158e-01
1.824529314559700521e-01 1.474894538431109625e-01 5.166531639389460029e-01 1.534065357160046550e-01
1.883656652832154943e-01 1.458010969185656869e-01 5.056598296903108691e-01 1.601728945932945070e-01
2.625629655063245749e-01 1.243549770843630498e-01 3.631955395385306207e-01 2.498849026310409338e-01
2.829678506775564761e-01 1.056777093469757900e-01 3.052647282786960514e-01 3.060852175812848186e-01
2.176723673137341275e-01 9.420588171863449045e-02 4.323669766850421481e-01 2.557550541747476980e-01
2.005838585794891271e-01 1.265207624469734671e-01 5.018306421426204089e-01 1.710651668013563331e-01
1.725716009344738233e-01 1.520403797825265191e-01 5.446463610071262673e-01 1.307425157072400757e-01
1.647894147593794156e-01 1.563659806729717494e-01 5.376003562724990248e-01 1.412378795468232917e-01
2.313962615115365551e-01 1.582503778715818044e-01 3.924766503711789589e-01 2.178720788068588265e-01
1.324081160362463316e-01 1.415491014993978947e-01 6.296450633402292940e-01 9.638003224269890701e-02
2.958348374283067961e-01 8.163219480235113512e-02 3.289300878079859380e-01 2.935859083319430907e-01
1.129104628652262826e-01 1.312146215015824735e-01 6.666116628158577084e-01 8.927313786701719656e-02
2.121190598658057036e-01 1.163759529098210843e-01 4.719964151792011009e-01 1.995117777464331388e-01
2.541004195210272432e-01 1.131648269121805911e-01 3.638774867137439251e-01 2.688602957935652404e-01
1.900903097506618789e-01 1.358569414916016294e-01 5.005028305900238728e-01 1.735541950283544799e-01
1.942250068528312834e-01 1.288484556865709396e-01 4.782615088066092257e-01 1.986523559319186005e-01
1.550185470017223233e-01 1.586207295206053802e-01 5.577709755128872349e-01 1.285791906752070668e-01
2.148213222171063419e-01 1.170957503730596233e-01 4.107605070685910187e-01 2.573191801816204216e-01
2.157009316685549183e-01 1.282687949588214860e-01 4.561097524702883432e-01 1.999112665715092885e-01
2.148325338215226754e-01 1.184039529137917296e-01 4.785066740629388971e-01 1.882444558647251853e-01
1.960601952424358696e-01 1.088069932980603310e-01 5.106229230838897903e-01 1.845135107151954779e-01
2.306641097018255204e-01 1.562998968678513401e-01 4.073960698777456257e-01 2.056454620960896651e-01
2.889892275804020194e-01 1.348891835746272860e-01 3.671822538476248177e-01 2.089341551720025336e-01
2.528487902552322697e-01 1.177107670526557764e-01 3.916076105944284458e-01 2.378331636893825929e-01
1.955828285848116577e-01 1.482688781333838524e-01 4.859765484730876883e-01 1.701689672758504301e-01
1.604907066489290046e-01 1.352865141269163629e-01 5.746739356985425262e-01 1.295354665396848404e-01
2.737197250023792328e-01 6.746604918592714883e-02 3.222474141624564470e-01 3.365551212128393144e-01
1.897472734151811335e-01 1.660512240311111942e-01 4.768113716910400424e-01 1.673857289688479855e-01
1.378614154494062216e-01 1.085457541698064965e-01 6.440598397697512301e-01 1.095216015959914052e-01
2.705359696937403857e-01 9.647083367619996297e-02 3.624134382792809084e-01 2.705830966939390403e-01
2.580280439733985132e-01 1.247595594606253078e-01 4.068449255091189376e-01 2.103568702252486544e-01
2.120303285929323045e-01 1.400235579534140073e-01 4.275193123568911679e-01 2.204163900873990500e-01
1.905454482778927150e-01 1.434357025848665423e-01 5.152213973777174383e-01 1.507891480561973085e-01
2.486166212531943087e-01 8.406728166936321134e-02 3.964047078935099555e-01 2.709087118735745703e-01
2.778063906723458043e-01 1.230474770059491740e-01 3.649766333315953570e-01 2.341644670408011275e-01
2.604681465633241766e-01 8.100453924773544367e-02 3.075737592238053653e-01 3.509413009254893634e-01
1.154441633832795494e-01 1.228760727125002838e-01 6.686585955201571618e-01 9.302557658434432164e-02
1.320687776747729303e-01 1.218142444501081612e-01 6.304351783648742824e-01 1.156847752922801481e-01
