# ID,m,r (lattice)
6.278598686300000000e+10 1.003570000000000000e+12 1.000000000000000000e+01
4.788390904000000000e+10 1.007400000000000000e+12 1.000000000000000000e+01
3.068555450200000000e+10 1.009150000000000000e+12 1.000000000000000000e+01
3.431662461600000000e+10 1.014050000000000000e+12 1.000000000000000000e+01
4.934210576100000000e+10 1.014560000000000000e+12 9.000000000000000000e+00
4.481477628500000000e+10 1.015400000000000000e+12 1.000000000000000000e+01
3.306219627800000000e+10 1.015410000000000000e+12 9.000000000000000000e+00
3.684374264500000000e+10 1.015630000000000000e+12 1.000000000000000000e+01
3.968090531600000000e+10 1.015820000000000000e+12 1.000000000000000000e+01
4.655778902800000000e+10 1.017690000000000000e+12 1.000000000000000000e+01
2.900530089800000000e+10 1.018340000000000000e+12 1.000000000000000000e+01
6.151843730600000000e+10 1.019130000000000000e+12 9.000000000000000000e+00
8.735863131000000000e+09 1.019980000000000000e+12 1.000000000000000000e+01
1.375233087000000000e+09 1.023160000000000000e+12 1.000000000000000000e+01
5.003206252400000000e+10 1.025330000000000000e+12 9.000000000000000000e+00
3.810374314600000000e+10 1.026510000000000000e+12 9.000000000000000000e+00
1.456512906800000000e+10 1.026670000000000000e+12 9.000000000000000000e+00
2.139447345000000000e+09 1.028130000000000000e+12 1.000000000000000000e+01
2.378879538400000000e+10 1.029810000000000000e+12 8.000000000000000000e+00
1.132067028500000000e+10 1.030250000000000000e+12 9.000000000000000000e+00
4.001557055000000000e+09 1.031090000000000000e+12 1.000000000000000000e+01
2.369692748000000000e+09 1.031450000000000000e+12 9.000000000000000000e+00
4.986647545400000000e+10 1.031480000000000000e+12 1.100000000000000000e+01
1.869687228000000000e+10 1.032350000000000000e+12 9.000000000000000000e+00
3.653358968600000000e+10 1.032580000000000000e+12 8.000000000000000000e+00
5.119390298200000000e+10 1.033390000000000000e+12 1.000000000000000000e+01
7.514270589000000000e+09 1.033550000000000000e+12 1.000000000000000000e+01
3.703361106200000000e+10 1.033720000000000000e+12 9.000000000000000000e+00
1.695165385200000000e+10 1.033920000000000000e+12 1.000000000000000000e+01
1.317834496000000000e+09 1.034340000000000000e+12 1.000000000000000000e+01
5.716543434000000000e+10 1.034470000000000000e+12 1.000000000000000000e+01
5.978871320600000000e+10 1.036920000000000000e+12 1.000000000000000000e+01
4.857461161600000000e+10 1.037730000000000000e+12 1.000000000000000000e+01
5.640733860500000000e+10 1.037940000000000000e+12 9.000000000000000000e+00
5.010939485000000000e+09 1.040860000000000000e+12 1.000000000000000000e+01
4.723808582800000000e+10 1.041300000000000000e+12 1.000000000000000000e+01
4.984836906100000000e+10 1.042150000000000000e+12 1.100000000000000000e+01
4.588837892100000000e+10 1.042260000000000000e+12 1.100000000000000000e+01
4.686409831000000000e+10 1.042670000000000000e+12 1.000000000000000000e+01
1.636021286600000000e+10 1.043910000000000000e+12 1.000000000000000000e+01
7.226363733000000000e+09 1.045260000000000000e+12 1.000000000000000000e+01
1.463134333300000000e+10 1.046060000000000000e+12 1.000000000000000000e+01
4.836108889100000000e+10 1.050580000000000000e+12 9.000000000000000000e+00
2.565831007300000000e+10 1.050750000000000000e+12 1.000000000000000000e+01
2.048373872700000000e+10 1.051700000000000000e+12 1.100000000000000000e+01
1.320734208300000000e+10 1.052280000000000000e+12 1.100000000000000000e+01
1.938741071700000000e+10 1.052320000000000000e+12 1.000000000000000000e+01
3.349440084000000000e+09 1.052870000000000000e+12 1.000000000000000000e+01
1.236044247500000000e+10 1.053580000000000000e+12 1.000000000000000000e+01
3.265346513400000000e+10 1.055540000000000000e+12 1.000000000000000000e+01
1.949209874700000000e+10 1.056530000000000000e+12 1.000000000000000000e+01
6.792711264000000000e+09 1.057560000000000000e+12 1.000000000000000000e+01
2.979913280600000000e+10 1.058540000000000000e+12 1.100000000000000000e+01
5.293627026700000000e+10 1.059480000000000000e+12 1.100000000000000000e+01
5.878928301000000000e+10 1.060500000000000000e+12 9.000000000000000000e+00
6.496870325900000000e+10 1.062150000000000000e+12 9.000000000000000000e+00
2.700123731000000000e+10 1.062390000000000000e+12 1.000000000000000000e+01
1.075629593900000000e+10 1.062490000000000000e+12 1.000000000000000000e+01
4.874534207000000000e+09 1.063300000000000000e+12 1.100000000000000000e+01
1.044970999300000000e+10 1.064160000000000000e+12 1.000000000000000000e+01
4.726741881900000000e+10 1.065770000000000000e+12 1.000000000000000000e+01
5.291708517200000000e+10 1.069180000000000000e+12 1.000000000000000000e+01
5.613822900100000000e+10 1.069980000000000000e+12 9.000000000000000000e+00
4.044940086900000000e+10 1.069990000000000000e+12 1.000000000000000000e+01
6.410271021600000000e+10 1.070200000000000000e+12 1.000000000000000000e+01
5.015222431500000000e+10 1.071260000000000000e+12 1.000000000000000000e+01
6.000598143300000000e+10 1.071460000000000000e+12 1.100000000000000000e+01
2.464484518700000000e+10 1.074850000000000000e+12 1.000000000000000000e+01
6.738531882900000000e+10 1.075130000000000000e+12 1.000000000000000000e+01
6.811026072000000000e+09 1.076430000000000000e+12 1.000000000000000000e+01
3.084249914400000000e+10 1.077400000000000000e+12 1.000000000000000000e+01
5.054789068100000000e+10 1.077430000000000000e+12 1.000000000000000000e+01
5.020271609900000000e+10 1.078330000000000000e+12 1.000000000000000000e+01
3.969716029000000000e+09 1.078440000000000000e+12 1.000000000000000000e+01
1.478224608900000000e+10 1.079020000000000000e+12 1.000000000000000000e+01
5.662193515400000000e+10 1.080530000000000000e+12 1.000000000000000000e+01
6.705046669100000000e+10 1.083290000000000000e+12 1.100000000000000000e+01
4.654588858000000000e+10 1.084920000000000000e+12 9.000000000000000000e+00
1.546633543600000000e+10 1.086010000000000000e+12 9.000000000000000000e+00
1.367689442200000000e+10 1.086620000000000000e+12 9.000000000000000000e+00
4.217640037200000000e+10 1.086660000000000000e+12 1.000000000000000000e+01
4.470921268000000000e+09 1.089250000000000000e+12 1.000000000000000000e+01
4.914509729000000000e+10 1.092730000000000000e+12 1.100000000000000000e+01
2.357217824900000000e+10 1.096250000000000000e+12 1.000000000000000000e+01
2.354086028500000000e+10 1.097380000000000000e+12 1.000000000000000000e+01
4.019844191200000000e+10 1.100540000000000000e+12 1.000000000000000000e+01
3.949443520000000000e+10 1.100950000000000000e+12 1.100000000000000000e+01
1.519745475700000000e+10 1.105760000000000000e+12 9.000000000000000000e+00
5.392389441100000000e+10 1.108750000000000000e+12 1.000000000000000000e+01
1.486226552900000000e+10 1.109040000000000000e+12 1.000000000000000000e+01
4.122593838900000000e+10 1.109610000000000000e+12 1.000000000000000000e+01
5.458117211000000000e+09 1.111610000000000000e+12 1.000000000000000000e+01
5.223500093700000000e+10 1.114500000000000000e+12 1.100000000000000000e+01
3.922640912900000000e+10 1.114570000000000000e+12 1.100000000000000000e+01
3.504214595300000000e+10 1.117860000000000000e+12 1.100000000000000000e+01
4.864780538200000000e+10 1.118080000000000000e+12 1.000000000000000000e+01
5.570059371500000000e+10 1.119440000000000000e+12 1.000000000000000000e+01
3.168200395000000000e+10 1.120350000000000000e+12 1.100000000000000000e+01
5.739792134100000000e+10 1.124260000000000000e+12 9.000000000000000000e+00
5.353751394600000000e+10 1.125500000000000000e+12 1.100000000000000000e+01
2.367205378300000000e+10 1.127050000000000000e+12 1.000000000000000000e+01
3.750587555600000000e+10 1.129300000000000000e+12 1.000000000000000000e+01
6.332923610000000000e+10 1.134450000000000000e+12 1.000000000000000000e+01
6.265859808600000000e+10 1.134800000000000000e+12 1.000000000000000000e+01
5.800167591200000000e+10 1.137860000000000000e+12 1.000000000000000000e+01
3.596216148700000000e+10 1.139400000000000000e+12 1.000000000000000000e+01
1.521479599200000000e+10 1.140370000000000000e+12 1.100000000000000000e+01
1.559636180600000000e+10 1.141670000000000000e+12 1.000000000000000000e+01
2.864212227500000000e+10 1.146140000000000000e+12 1.000000000000000000e+01
3.029171650000000000e+10 1.147870000000000000e+12 1.000000000000000000e+01
6.568153468100000000e+10 1.148320000000000000e+12 1.000000000000000000e+01
1.445723737200000000e+10 1.148660000000000000e+12 1.000000000000000000e+01
6.537219979700000000e+10 1.148990000000000000e+12 1.000000000000000000e+01
4.908930491800000000e+10 1.150670000000000000e+12 1.200000000000000000e+01
4.252688726000000000e+09 1.151020000000000000e+12 1.000000000000000000e+01
1.803788606800000000e+10 1.151050000000000000e+12 1.100000000000000000e+01
1.305079698700000000e+10 1.151630000000000000e+12 1.000000000000000000e+01
7.967599503000000000e+09 1.152920000000000000e+12 1.000000000000000000e+01
1.082947794600000000e+10 1.154160000000000000e+12 1.000000000000000000e+01
4.936216961000000000e+10 1.154410000000000000e+12 1.000000000000000000e+01
2.269524163500000000e+10 1.155830000000000000e+12 1.100000000000000000e+01
5.373261397000000000e+09 1.159960000000000000e+12 1.100000000000000000e+01
2.203376718000000000e+09 1.161690000000000000e+12 1.000000000000000000e+01
1.287198205100000000e+10 1.163950000000000000e+12 1.000000000000000000e+01
2.255872378000000000e+09 1.168040000000000000e+12 9.000000000000000000e+00
3.530101835800000000e+10 1.170070000000000000e+12 1.000000000000000000e+01
3.076630089000000000e+09 1.171300000000000000e+12 1.100000000000000000e+01
2.074808722700000000e+10 1.171390000000000000e+12 1.000000000000000000e+01
5.471954635000000000e+10 1.171490000000000000e+12 1.000000000000000000e+01
1.787672199800000000e+10 1.175490000000000000e+12 1.000000000000000000e+01
6.178141244700000000e+10 1.177710000000000000e+12 1.100000000000000000e+01
4.823553824200000000e+10 1.179060000000000000e+12 1.000000000000000000e+01
5.155467166900000000e+10 1.179720000000000000e+12 1.100000000000000000e+01
6.371468694700000000e+10 1.183930000000000000e+12 1.000000000000000000e+01
3.352448481900000000e+10 1.187170000000000000e+12 1.000000000000000000e+01
6.864590194100000000e+10 1.194090000000000000e+12 1.100000000000000000e+01
5.651173805400000000e+10 1.195390000000000000e+12 1.100000000000000000e+01
2.454305036300000000e+10 1.195750000000000000e+12 1.100000000000000000e+01
3.639803030000000000e+10 1.198500000000000000e+12 1.100000000000000000e+01
1.970682924700000000e+10 1.201150000000000000e+12 1.000000000000000000e+01
4.006476653700000000e+10 1.204490000000000000e+12 1.000000000000000000e+01
5.457513521500000000e+10 1.205710000000000000e+12 9.000000000000000000e+00
4.423247331300000000e+10 1.207670000000000000e+12 1.000000000000000000e+01
5.057410154600000000e+10 1.208480000000000000e+12 1.100000000000000000e+01
1.178417655400000000e+10 1.208530000000000000e+12 9.000000000000000000e+00
6.857511831300000000e+10 1.209130000000000000e+12 1.100000000000000000e+01
5.144256230100000000e+10 1.210910000000000000e+12 1.100000000000000000e+01
4.351093829200000000e+10 1.212650000000000000e+12 1.100000000000000000e+01
6.130276628200000000e+10 1.213390000000000000e+12 1.000000000000000000e+01
4.895771639700000000e+10 1.221390000000000000e+12 1.100000000000000000e+01
4.467887950300000000e+10 1.222050000000000000e+12 1.100000000000000000e+01
5.062690142400000000e+10 1.222860000000000000e+12 1.000000000000000000e+01
5.061625238800000000e+10 1.225630000000000000e+12 1.100000000000000000e+01
5.204013722400000000e+10 1.225640000000000000e+12 1.000000000000000000e+01
4.899384420200000000e+10 1.226000000000000000e+12 9.000000000000000000e+00
2.789394106000000000e+09 1.227060000000000000e+12 1.000000000000000000e+01
5.116949210000000000e+09 1.227160000000000000e+12 1.000000000000000000e+01
1.154798544900000000e+10 1.229170000000000000e+12 1.000000000000000000e+01
6.033709363600000000e+10 1.231100000000000000e+12 1.000000000000000000e+01
2.783793461600000000e+10 1.231710000000000000e+12 1.000000000000000000e+01
2.677691773200000000e+10 1.237860000000000000e+12 1.000000000000000000e+01
5.081686614700000000e+10 1.238610000000000000e+12 1.000000000000000000e+01
5.446340985100000000e+10 1.240290000000000000e+12 1.100000000000000000e+01
4.967524170200000000e+10 1.241940000000000000e+12 1.000000000000000000e+01
1.936155046700000000e+10 1.242710000000000000e+12 1.000000000000000000e+01
5.750083212500000000e+10 1.242990000000000000e+12 1.000000000000000000e+01
4.847226048900000000e+10 1.245880000000000000e+12 1.100000000000000000e+01
3.514202208200000000e+10 1.245890000000000000e+12 1.000000000000000000e+01
4.602960003700000000e+10 1.248290000000000000e+12 1.000000000000000000e+01
6.535347880200000000e+10 1.248680000000000000e+12 1.100000000000000000e+01
4.760364499800000000e+10 1.248880000000000000e+12 1.100000000000000000e+01
8.724050622000000000e+09 1.251430000000000000e+12 1.100000000000000000e+01
5.462836139000000000e+10 1.252030000000000000e+12 1.000000000000000000e+01
1.477638325800000000e+10 1.253640000000000000e+12 1.100000000000000000e+01
6.633664850000000000e+10 1.262850000000000000e+12 1.100000000000000000e+01
5.944359127800000000e+10 1.266870000000000000e+12 1.000000000000000000e+01
2.261163572000000000e+10 1.267010000000000000e+12 1.000000000000000000e+01
5.134496802000000000e+09 1.269450000000000000e+12 1.000000000000000000e+01
5.215895763400000000e+10 1.269790000000000000e+12 1.100000000000000000e+01
1.893176125000000000e+10 1.270080000000000000e+12 1.000000000000000000e+01
2.885632578000000000e+10 1.280370000000000000e+12 1.100000000000000000e+01
4.070802782200000000e+10 1.283010000000000000e+12 1.000000000000000000e+01
2.855931216600000000e+10 1.283490000000000000e+12 1.000000000000000000e+01
2.229533848500000000e+10 1.286890000000000000e+12 1.100000000000000000e+01
1.911036893000000000e+10 1.288640000000000000e+12 1.100000000000000000e+01
4.969333311300000000e+10 1.288770000000000000e+12 1.000000000000000000e+01
2.333189886000000000e+09 1.294560000000000000e+12 1.100000000000000000e+01
4.527211194900000000e+10 1.296300000000000000e+12 1.100000000000000000e+01
2.090321384000000000e+09 1.299030000000000000e+12 1.200000000000000000e+01
6.152734364200000000e+10 1.300270000000000000e+12 1.100000000000000000e+01
4.418447546600000000e+10 1.300680000000000000e+12 1.000000000000000000e+01
2.961632109200000000e+10 1.302780000000000000e+12 1.100000000000000000e+01
1.647777613400000000e+10 1.302920000000000000e+12 1.000000000000000000e+01
5.449432859400000000e+10 1.307470000000000000e+12 1.100000000000000000e+01
4.787215010700000000e+10 1.310450000000000000e+12 1.200000000000000000e+01
1.380384931200000000e+10 1.310530000000000000e+12 1.100000000000000000e+01
2.790090887600000000e+10 1.313280000000000000e+12 1.000000000000000000e+01
2.634087604100000000e+10 1.314700000000000000e+12 1.100000000000000000e+01
4.632639227000000000e+09 1.315750000000000000e+12 1.100000000000000000e+01
8.990498000000000000e+09 1.316100000000000000e+12 1.000000000000000000e+01
2.676113366400000000e+10 1.318170000000000000e+12 1.100000000000000000e+01
6.865077347000000000e+10 1.322030000000000000e+12 1.200000000000000000e+01
4.059757835300000000e+10 1.323900000000000000e+12 1.000000000000000000e+01
4.082759951700000000e+10 1.329400000000000000e+12 1.200000000000000000e+01
5.172753215000000000e+09 1.330370000000000000e+12 1.100000000000000000e+01
6.470130852800000000e+10 1.330530000000000000e+12 1.100000000000000000e+01
1.946372827100000000e+10 1.330970000000000000e+12 1.100000000000000000e+01
4.903115740000000000e+09 1.333840000000000000e+12 1.200000000000000000e+01
6.706722356000000000e+09 1.336480000000000000e+12 1.000000000000000000e+01
6.378880686200000000e+10 1.337900000000000000e+12 1.100000000000000000e+01
5.805532379000000000e+10 1.339240000000000000e+12 1.200000000000000000e+01
5.146352048800000000e+10 1.342200000000000000e+12 1.200000000000000000e+01
2.958420510100000000e+10 1.345800000000000000e+12 1.100000000000000000e+01
1.604199105300000000e+10 1.352990000000000000e+12 1.200000000000000000e+01
5.515249269500000000e+10 1.355050000000000000e+12 1.000000000000000000e+01
2.173662897000000000e+09 1.357860000000000000e+12 1.100000000000000000e+01
4.855761791800000000e+10 1.357960000000000000e+12 1.100000000000000000e+01
3.695642683600000000e+10 1.358110000000000000e+12 1.200000000000000000e+01
1.429000780000000000e+10 1.358150000000000000e+12 1.000000000000000000e+01
5.073905836700000000e+10 1.361400000000000000e+12 1.100000000000000000e+01
6.813721069200000000e+10 1.368050000000000000e+12 1.100000000000000000e+01
5.639482094100000000e+10 1.371290000000000000e+12 1.200000000000000000e+01
5.326892193000000000e+10 1.379080000000000000e+12 1.200000000000000000e+01
5.205855739000000000e+09 1.382620000000000000e+12 1.200000000000000000e+01
1.025253494300000000e+10 1.387770000000000000e+12 1.100000000000000000e+01
3.860215505000000000e+09 1.388710000000000000e+12 1.100000000000000000e+01
4.110434602200000000e+10 1.391140000000000000e+12 1.200000000000000000e+01
3.782643031000000000e+10 1.391540000000000000e+12 1.100000000000000000e+01
3.461637867000000000e+09 1.396230000000000000e+12 1.100000000000000000e+01
2.068962449000000000e+09 1.398260000000000000e+12 1.000000000000000000e+01
6.433518066700000000e+10 1.402420000000000000e+12 1.100000000000000000e+01
3.218481926900000000e+10 1.402430000000000000e+12 1.200000000000000000e+01
6.804296196100000000e+10 1.404540000000000000e+12 1.100000000000000000e+01
5.244163648000000000e+09 1.405780000000000000e+12 1.100000000000000000e+01
2.333538207400000000e+10 1.408160000000000000e+12 1.200000000000000000e+01
4.167517183000000000e+09 1.414110000000000000e+12 1.100000000000000000e+01
4.831043776600000000e+10 1.416280000000000000e+12 1.000000000000000000e+01
3.885623933500000000e+10 1.421480000000000000e+12 1.100000000000000000e+01
5.404695423300000000e+10 1.424930000000000000e+12 1.100000000000000000e+01
3.016801445500000000e+10 1.428040000000000000e+12 1.200000000000000000e+01
2.105292966600000000e+10 1.429340000000000000e+12 1.100000000000000000e+01
3.797831473000000000e+09 1.430900000000000000e+12 1.200000000000000000e+01
4.265331123100000000e+10 1.431450000000000000e+12 1.100000000000000000e+01
3.734765581000000000e+09 1.431540000000000000e+12 1.100000000000000000e+01
2.714709565500000000e+10 1.434650000000000000e+12 1.100000000000000000e+01
5.521658729800000000e+10 1.438040000000000000e+12 1.100000000000000000e+01
1.338389390800000000e+10 1.438120000000000000e+12 1.100000000000000000e+01
4.888318296300000000e+10 1.440790000000000000e+12 1.000000000000000000e+01
5.593621855000000000e+09 1.441560000000000000e+12 1.100000000000000000e+01
5.274943467200000000e+10 1.444140000000000000e+12 1.100000000000000000e+01
2.505379657200000000e+10 1.454830000000000000e+12 1.100000000000000000e+01
1.447991822900000000e+10 1.455570000000000000e+12 1.100000000000000000e+01
6.439972765100000000e+10 1.457810000000000000e+12 1.200000000000000000e+01
6.759500009800000000e+10 1.459010000000000000e+12 1.100000000000000000e+01
1.981105934100000000e+10 1.460070000000000000e+12 1.000000000000000000e+01
8.913304536000000000e+09 1.460500000000000000e+12 1.400000000000000000e+01
1.804868904600000000e+10 1.461210000000000000e+12 1.200000000000000000e+01
4.506645927400000000e+10 1.462500000000000000e+12 1.200000000000000000e+01
9.625524063000000000e+09 1.467390000000000000e+12 1.200000000000000000e+01
4.393892046900000000e+10 1.467590000000000000e+12 1.100000000000000000e+01
6.045370813700000000e+10 1.468430000000000000e+12 1.200000000000000000e+01
6.648782360000000000e+10 1.470250000000000000e+12 1.100000000000000000e+01
4.137397327700000000e+10 1.471240000000000000e+12 1.100000000000000000e+01
1.895388377000000000e+09 1.474620000000000000e+12 1.200000000000000000e+01
3.785767143000000000e+10 1.483490000000000000e+12 1.100000000000000000e+01
5.804383227800000000e+10 1.484430000000000000e+12 1.100000000000000000e+01
2.729604469300000000e+10 1.488720000000000000e+12 1.200000000000000000e+01
6.604551144200000000e+10 1.490020000000000000e+12 1.100000000000000000e+01
2.978574719300000000e+10 1.490920000000000000e+12 1.000000000000000000e+01
2.722922029500000000e+10 1.490950000000000000e+12 1.200000000000000000e+01
6.518489548100000000e+10 1.491060000000000000e+12 1.300000000000000000e+01
4.121595305000000000e+09 1.493080000000000000e+12 1.200000000000000000e+01
7.260475263000000000e+09 1.494940000000000000e+12 1.300000000000000000e+01
2.805780021500000000e+10 1.496130000000000000e+12 1.100000000000000000e+01
6.579229843900000000e+10 1.497390000000000000e+12 1.200000000000000000e+01
3.100527625600000000e+10 1.500010000000000000e+12 1.100000000000000000e+01
4.761881075000000000e+10 1.501160000000000000e+12 1.100000000000000000e+01
3.070827020800000000e+10 1.502130000000000000e+12 1.200000000000000000e+01
6.263249366900000000e+10 1.502490000000000000e+12 1.100000000000000000e+01
2.262710222100000000e+10 1.504000000000000000e+12 1.200000000000000000e+01
2.193823281800000000e+10 1.510410000000000000e+12 1.100000000000000000e+01
9.790053397000000000e+09 1.514950000000000000e+12 1.200000000000000000e+01
6.393317081900000000e+10 1.517680000000000000e+12 1.200000000000000000e+01
6.836000304800000000e+10 1.520900000000000000e+12 1.200000000000000000e+01
4.827676583800000000e+10 1.524130000000000000e+12 1.200000000000000000e+01
5.999529878700000000e+10 1.526550000000000000e+12 1.100000000000000000e+01
5.264061956000000000e+09 1.532920000000000000e+12 1.200000000000000000e+01
3.231899767700000000e+10 1.535580000000000000e+12 1.100000000000000000e+01
4.873165543700000000e+10 1.536640000000000000e+12 1.100000000000000000e+01
3.665178988000000000e+09 1.538900000000000000e+12 1.200000000000000000e+01
1.768019294400000000e+10 1.544060000000000000e+12 1.300000000000000000e+01
1.443506930000000000e+08 1.544840000000000000e+12 1.100000000000000000e+01
4.382841911200000000e+10 1.553680000000000000e+12 1.200000000000000000e+01
3.060916958500000000e+10 1.554210000000000000e+12 1.100000000000000000e+01
6.576321221300000000e+10 1.557310000000000000e+12 1.100000000000000000e+01
7.787083278000000000e+09 1.565440000000000000e+12 1.200000000000000000e+01
2.618500916100000000e+10 1.567140000000000000e+12 1.100000000000000000e+01
4.840843733800000000e+10 1.568870000000000000e+12 1.200000000000000000e+01
4.355607368800000000e+10 1.570670000000000000e+12 1.200000000000000000e+01
2.041276003800000000e+10 1.571800000000000000e+12 1.200000000000000000e+01
4.575005943100000000e+10 1.572840000000000000e+12 1.300000000000000000e+01
1.907061144800000000e+10 1.573670000000000000e+12 1.200000000000000000e+01
3.891663767500000000e+10 1.577640000000000000e+12 1.100000000000000000e+01
5.547790272400000000e+10 1.580340000000000000e+12 1.200000000000000000e+01
1.205124859500000000e+10 1.580950000000000000e+12 1.000000000000000000e+01
4.656088951000000000e+09 1.582510000000000000e+12 1.200000000000000000e+01
6.415214461600000000e+10 1.585300000000000000e+12 1.100000000000000000e+01
4.010271682000000000e+09 1.585550000000000000e+12 1.200000000000000000e+01
3.793505885400000000e+10 1.594910000000000000e+12 1.100000000000000000e+01
2.119041154600000000e+10 1.599900000000000000e+12 1.100000000000000000e+01
4.326845357100000000e+10 1.599930000000000000e+12 1.100000000000000000e+01
1.537995647800000000e+10 1.608020000000000000e+12 1.100000000000000000e+01
2.082597936500000000e+10 1.608190000000000000e+12 1.200000000000000000e+01
4.421581837000000000e+09 1.608400000000000000e+12 1.100000000000000000e+01
1.642631163900000000e+10 1.609840000000000000e+12 1.200000000000000000e+01
6.798777163600000000e+10 1.610950000000000000e+12 1.200000000000000000e+01
4.269855614500000000e+10 1.618490000000000000e+12 1.200000000000000000e+01
5.658501459800000000e+10 1.618960000000000000e+12 1.200000000000000000e+01
7.789284347000000000e+09 1.624220000000000000e+12 1.300000000000000000e+01
1.520414190000000000e+08 1.624550000000000000e+12 1.300000000000000000e+01
2.690627586100000000e+10 1.625650000000000000e+12 1.200000000000000000e+01
1.665636925000000000e+10 1.631860000000000000e+12 1.200000000000000000e+01
1.573240104100000000e+10 1.632940000000000000e+12 1.100000000000000000e+01
6.355939724100000000e+10 1.634270000000000000e+12 1.300000000000000000e+01
4.679830862400000000e+10 1.636440000000000000e+12 1.200000000000000000e+01
6.389862513400000000e+10 1.637980000000000000e+12 1.200000000000000000e+01
1.847892392000000000e+10 1.640920000000000000e+12 1.200000000000000000e+01
1.042648468900000000e+10 1.642120000000000000e+12 1.200000000000000000e+01
2.075152468800000000e+10 1.647690000000000000e+12 1.200000000000000000e+01
8.860858929000000000e+09 1.649270000000000000e+12 1.300000000000000000e+01
9.072584180000000000e+09 1.666130000000000000e+12 1.300000000000000000e+01
2.629814367700000000e+10 1.672460000000000000e+12 1.300000000000000000e+01
3.012359862200000000e+10 1.676860000000000000e+12 1.200000000000000000e+01
5.883263690300000000e+10 1.676860000000000000e+12 1.200000000000000000e+01
4.490331619200000000e+10 1.680190000000000000e+12 1.100000000000000000e+01
1.545645444900000000e+10 1.681340000000000000e+12 1.200000000000000000e+01
5.466285410100000000e+10 1.683380000000000000e+12 1.200000000000000000e+01
3.725189776000000000e+09 1.684880000000000000e+12 1.200000000000000000e+01
3.312011528000000000e+09 1.696900000000000000e+12 1.300000000000000000e+01
1.949328709100000000e+10 1.699780000000000000e+12 1.100000000000000000e+01
1.799410522100000000e+10 1.702020000000000000e+12 1.200000000000000000e+01
5.323936515400000000e+10 1.704090000000000000e+12 1.200000000000000000e+01
4.634460702300000000e+10 1.705130000000000000e+12 1.300000000000000000e+01
6.763345185800000000e+10 1.706260000000000000e+12 1.200000000000000000e+01
2.004259235800000000e+10 1.710970000000000000e+12 1.200000000000000000e+01
2.892158688300000000e+10 1.731950000000000000e+12 1.300000000000000000e+01
3.032686825900000000e+10 1.734640000000000000e+12 1.200000000000000000e+01
1.226157873900000000e+10 1.735330000000000000e+12 1.200000000000000000e+01
3.006314258100000000e+10 1.739910000000000000e+12 1.100000000000000000e+01
1.369583677700000000e+10 1.743120000000000000e+12 1.300000000000000000e+01
2.955075709900000000e+10 1.743240000000000000e+12 1.100000000000000000e+01
6.429783617000000000e+09 1.748090000000000000e+12 1.200000000000000000e+01
4.292560261500000000e+10 1.751780000000000000e+12 1.100000000000000000e+01
5.652244215500000000e+10 1.757980000000000000e+12 1.500000000000000000e+01
2.739533783300000000e+10 1.759480000000000000e+12 1.100000000000000000e+01
7.879698333000000000e+09 1.761720000000000000e+12 1.200000000000000000e+01
3.889365215000000000e+09 1.761860000000000000e+12 1.300000000000000000e+01
1.858181108900000000e+10 1.765420000000000000e+12 1.200000000000000000e+01
1.658737652900000000e+10 1.770050000000000000e+12 1.200000000000000000e+01
5.077462897700000000e+10 1.772440000000000000e+12 1.100000000000000000e+01
1.757487945500000000e+10 1.775460000000000000e+12 1.300000000000000000e+01
4.937428029700000000e+10 1.783460000000000000e+12 1.200000000000000000e+01
5.823896415700000000e+10 1.784210000000000000e+12 1.200000000000000000e+01
5.840204923700000000e+10 1.787160000000000000e+12 1.100000000000000000e+01
4.471623349700000000e+10 1.787680000000000000e+12 1.200000000000000000e+01
9.849048470000000000e+08 1.799430000000000000e+12 1.200000000000000000e+01
3.211405668000000000e+09 1.816290000000000000e+12 1.300000000000000000e+01
5.549274224900000000e+10 1.826200000000000000e+12 1.100000000000000000e+01
2.693594004800000000e+10 1.837560000000000000e+12 1.200000000000000000e+01
1.595214585000000000e+10 1.842510000000000000e+12 1.300000000000000000e+01
5.504450476800000000e+10 1.852580000000000000e+12 1.200000000000000000e+01
2.746962956100000000e+10 1.853130000000000000e+12 1.300000000000000000e+01
9.710167349000000000e+09 1.853560000000000000e+12 1.300000000000000000e+01
2.317146358500000000e+10 1.855430000000000000e+12 1.300000000000000000e+01
6.006317174300000000e+10 1.857170000000000000e+12 1.300000000000000000e+01
4.833562954800000000e+10 1.864870000000000000e+12 1.300000000000000000e+01
2.610602773200000000e+10 1.869140000000000000e+12 1.400000000000000000e+01
2.666030243800000000e+10 1.871900000000000000e+12 1.200000000000000000e+01
7.267569070000000000e+09 1.890810000000000000e+12 1.200000000000000000e+01
4.329082083200000000e+10 1.892910000000000000e+12 1.300000000000000000e+01
4.635523983300000000e+10 1.906720000000000000e+12 1.200000000000000000e+01
1.839936793100000000e+10 1.908820000000000000e+12 1.300000000000000000e+01
3.660641072500000000e+10 1.916360000000000000e+12 1.300000000000000000e+01
6.453816818900000000e+10 1.924780000000000000e+12 1.300000000000000000e+01
3.911815066400000000e+10 1.929190000000000000e+12 1.300000000000000000e+01
7.914950002000000000e+09 1.937940000000000000e+12 1.300000000000000000e+01
8.362024882000000000e+09 1.940030000000000000e+12 1.300000000000000000e+01
9.106448650000000000e+08 1.944820000000000000e+12 1.300000000000000000e+01
3.311322503500000000e+10 1.945080000000000000e+12 1.200000000000000000e+01
2.400327668300000000e+10 1.946010000000000000e+12 1.200000000000000000e+01
3.700057916000000000e+09 1.954370000000000000e+12 1.200000000000000000e+01
1.233277043300000000e+10 1.961760000000000000e+12 1.400000000000000000e+01
5.813299560000000000e+08 1.975360000000000000e+12 1.300000000000000000e+01
5.708159385100000000e+10 1.976240000000000000e+12 1.200000000000000000e+01
5.660891686400000000e+10 1.977380000000000000e+12 1.200000000000000000e+01
5.849304914500000000e+10 1.988300000000000000e+12 1.200000000000000000e+01
1.596845814000000000e+10 1.994660000000000000e+12 1.300000000000000000e+01
6.179694862500000000e+10 1.997990000000000000e+12 1.300000000000000000e+01
7.545409348000000000e+09 2.008880000000000000e+12 1.200000000000000000e+01
5.285221106000000000e+09 2.015340000000000000e+12 1.200000000000000000e+01
7.069442998000000000e+09 2.019670000000000000e+12 1.400000000000000000e+01
4.683217424600000000e+10 2.042900000000000000e+12 1.300000000000000000e+01
6.710018403200000000e+10 2.045190000000000000e+12 1.400000000000000000e+01
6.044699710400000000e+10 2.056330000000000000e+12 1.200000000000000000e+01
4.928159057900000000e+10 2.060090000000000000e+12 1.300000000000000000e+01
6.548083023200000000e+10 2.069520000000000000e+12 1.200000000000000000e+01
6.370436785300000000e+10 2.069600000000000000e+12 1.200000000000000000e+01
2.281758315100000000e+10 2.075540000000000000e+12 1.300000000000000000e+01
2.175024490000000000e+10 2.077970000000000000e+12 1.300000000000000000e+01
2.563110453400000000e+10 2.080220000000000000e+12 1.300000000000000000e+01
1.933728457100000000e+10 2.082230000000000000e+12 1.300000000000000000e+01
3.458000703000000000e+09 2.082230000000000000e+12 1.300000000000000000e+01
4.823623140500000000e+10 2.082680000000000000e+12 1.200000000000000000e+01
1.772928363900000000e+10 2.084570000000000000e+12 1.300000000000000000e+01
1.260462262900000000e+10 2.090200000000000000e+12 1.300000000000000000e+01
3.749540128000000000e+09 2.093390000000000000e+12 1.400000000000000000e+01
6.284591780100000000e+10 2.093820000000000000e+12 1.200000000000000000e+01
5.330440229200000000e+10 2.105030000000000000e+12 1.400000000000000000e+01
4.031906996000000000e+09 2.109950000000000000e+12 1.300000000000000000e+01
5.872449403100000000e+10 2.114590000000000000e+12 1.300000000000000000e+01
5.869685260900000000e+10 2.125600000000000000e+12 1.400000000000000000e+01
5.731753511200000000e+10 2.126400000000000000e+12 1.300000000000000000e+01
4.691032731300000000e+10 2.131000000000000000e+12 1.300000000000000000e+01
2.408867891800000000e+10 2.145440000000000000e+12 1.200000000000000000e+01
6.776482231300000000e+10 2.145610000000000000e+12 1.300000000000000000e+01
5.310165506600000000e+10 2.150530000000000000e+12 1.300000000000000000e+01
2.405014528000000000e+09 2.155090000000000000e+12 1.300000000000000000e+01
1.841856670800000000e+10 2.162170000000000000e+12 1.200000000000000000e+01
2.204343150000000000e+09 2.162840000000000000e+12 1.200000000000000000e+01
7.361222150000000000e+09 2.169460000000000000e+12 1.300000000000000000e+01
6.350706733200000000e+10 2.173070000000000000e+12 1.400000000000000000e+01
4.868939636000000000e+10 2.173790000000000000e+12 1.300000000000000000e+01
5.164432351700000000e+10 2.175570000000000000e+12 1.400000000000000000e+01
5.226473481900000000e+10 2.175720000000000000e+12 1.400000000000000000e+01
1.148005471100000000e+10 2.177850000000000000e+12 1.300000000000000000e+01
6.564606254200000000e+10 2.179500000000000000e+12 1.200000000000000000e+01
2.560298951200000000e+10 2.182450000000000000e+12 1.300000000000000000e+01
3.988695728300000000e+10 2.183350000000000000e+12 1.200000000000000000e+01
1.372021605700000000e+10 2.197510000000000000e+12 1.300000000000000000e+01
6.238859117600000000e+10 2.213540000000000000e+12 1.300000000000000000e+01
2.932671768200000000e+10 2.216730000000000000e+12 1.400000000000000000e+01
2.259350309300000000e+10 2.226020000000000000e+12 1.400000000000000000e+01
6.196386262200000000e+10 2.236430000000000000e+12 1.400000000000000000e+01
2.217460693600000000e+10 2.247550000000000000e+12 1.300000000000000000e+01
3.782557611300000000e+10 2.253360000000000000e+12 1.400000000000000000e+01
5.382739298200000000e+10 2.254220000000000000e+12 1.300000000000000000e+01
2.291667897600000000e+10 2.258260000000000000e+12 1.400000000000000000e+01
1.872259453600000000e+10 2.259140000000000000e+12 1.300000000000000000e+01
7.327215010000000000e+09 2.267160000000000000e+12 1.300000000000000000e+01
1.070432575500000000e+10 2.280500000000000000e+12 1.400000000000000000e+01
2.403378686000000000e+10 2.280590000000000000e+12 1.300000000000000000e+01
6.230750710600000000e+10 2.285380000000000000e+12 1.200000000000000000e+01
2.409140618700000000e+10 2.307660000000000000e+12 1.200000000000000000e+01
4.228511092400000000e+10 2.312100000000000000e+12 1.300000000000000000e+01
6.711947388000000000e+09 2.313460000000000000e+12 1.500000000000000000e+01
5.125313541100000000e+10 2.319600000000000000e+12 1.400000000000000000e+01
1.219431822700000000e+10 2.319940000000000000e+12 1.400000000000000000e+01
6.889744161000000000e+09 2.337070000000000000e+12 1.200000000000000000e+01
4.887125439800000000e+10 2.346820000000000000e+12 1.500000000000000000e+01
3.965501960300000000e+10 2.350360000000000000e+12 1.300000000000000000e+01
6.917600113000000000e+09 2.352430000000000000e+12 1.300000000000000000e+01
3.696563293000000000e+09 2.367130000000000000e+12 1.300000000000000000e+01
3.135082772000000000e+09 2.368070000000000000e+12 1.400000000000000000e+01
5.033036035700000000e+10 2.369110000000000000e+12 1.400000000000000000e+01
3.011095149200000000e+10 2.370080000000000000e+12 1.400000000000000000e+01
1.891782477100000000e+10 2.371840000000000000e+12 1.400000000000000000e+01
5.236465406800000000e+10 2.379000000000000000e+12 1.400000000000000000e+01
4.950317173300000000e+10 2.383750000000000000e+12 1.400000000000000000e+01
1.793076070000000000e+08 2.384690000000000000e+12 1.400000000000000000e+01
2.160698507800000000e+10 2.398510000000000000e+12 1.400000000000000000e+01
1.973314694000000000e+09 2.403170000000000000e+12 1.200000000000000000e+01
6.658755858100000000e+10 2.405260000000000000e+12 1.400000000000000000e+01
2.513337376000000000e+09 2.407100000000000000e+12 1.400000000000000000e+01
7.114393002000000000e+09 2.408300000000000000e+12 1.400000000000000000e+01
5.075083787900000000e+10 2.408930000000000000e+12 1.400000000000000000e+01
4.807072050800000000e+10 2.416770000000000000e+12 1.400000000000000000e+01
9.401697258000000000e+09 2.430540000000000000e+12 1.500000000000000000e+01
2.423749441000000000e+10 2.432680000000000000e+12 1.400000000000000000e+01
2.145589814700000000e+10 2.439550000000000000e+12 1.400000000000000000e+01
3.481896530300000000e+10 2.440070000000000000e+12 1.400000000000000000e+01
5.028556755000000000e+10 2.457200000000000000e+12 1.500000000000000000e+01
1.391209145700000000e+10 2.457230000000000000e+12 1.400000000000000000e+01
6.594253947000000000e+09 2.470590000000000000e+12 1.400000000000000000e+01
4.589695667300000000e+10 2.471180000000000000e+12 1.400000000000000000e+01
5.840895862000000000e+09 2.474330000000000000e+12 1.400000000000000000e+01
1.652512759000000000e+09 2.475270000000000000e+12 1.300000000000000000e+01
5.900504806800000000e+10 2.478060000000000000e+12 1.400000000000000000e+01
2.657817658300000000e+10 2.482100000000000000e+12 1.400000000000000000e+01
6.397260676100000000e+10 2.485260000000000000e+12 1.400000000000000000e+01
5.360898881600000000e+10 2.488170000000000000e+12 1.300000000000000000e+01
2.060330761700000000e+10 2.494500000000000000e+12 1.400000000000000000e+01
5.436373172900000000e+10 2.495730000000000000e+12 1.200000000000000000e+01
2.595731006400000000e+10 2.502400000000000000e+12 1.500000000000000000e+01
2.858279084400000000e+10 2.529350000000000000e+12 1.400000000000000000e+01
6.285329229600000000e+10 2.544320000000000000e+12 1.500000000000000000e+01
2.929063092600000000e+10 2.544470000000000000e+12 1.300000000000000000e+01
2.890280761600000000e+10 2.548770000000000000e+12 1.400000000000000000e+01
2.200889968200000000e+10 2.554880000000000000e+12 1.400000000000000000e+01
5.813052549000000000e+09 2.560780000000000000e+12 1.300000000000000000e+01
6.429853249500000000e+10 2.565150000000000000e+12 1.400000000000000000e+01
2.345313439200000000e+10 2.569100000000000000e+12 1.400000000000000000e+01
3.674306170000000000e+08 2.590590000000000000e+12 1.500000000000000000e+01
3.659774496900000000e+10 2.610620000000000000e+12 1.300000000000000000e+01
2.217358132800000000e+10 2.615370000000000000e+12 1.400000000000000000e+01
2.965115287000000000e+10 2.627390000000000000e+12 1.400000000000000000e+01
4.854332351500000000e+10 2.638250000000000000e+12 1.500000000000000000e+01
5.127510590300000000e+10 2.647770000000000000e+12 1.300000000000000000e+01
6.837504096500000000e+10 2.650180000000000000e+12 1.400000000000000000e+01
2.344912846800000000e+10 2.662420000000000000e+12 1.400000000000000000e+01
5.300749669700000000e+10 2.685760000000000000e+12 1.300000000000000000e+01
5.335893112200000000e+10 2.695540000000000000e+12 1.400000000000000000e+01
1.008590584400000000e+10 2.702080000000000000e+12 1.400000000000000000e+01
5.489678079500000000e+10 2.726950000000000000e+12 1.300000000000000000e+01
2.649906896100000000e+10 2.733880000000000000e+12 1.400000000000000000e+01
8.717787470000000000e+08 2.748790000000000000e+12 1.400000000000000000e+01
6.822735962900000000e+10 2.749370000000000000e+12 1.500000000000000000e+01
1.518288448700000000e+10 2.772300000000000000e+12 1.500000000000000000e+01
6.602485435400000000e+10 2.792690000000000000e+12 1.500000000000000000e+01
1.868228604100000000e+10 2.794990000000000000e+12 1.500000000000000000e+01
3.916008894500000000e+10 2.798480000000000000e+12 1.400000000000000000e+01
2.864680054000000000e+09 2.805880000000000000e+12 1.400000000000000000e+01
4.647386166300000000e+10 2.808920000000000000e+12 1.400000000000000000e+01
3.552835755100000000e+10 2.812490000000000000e+12 1.400000000000000000e+01
5.046955789300000000e+10 2.821780000000000000e+12 1.500000000000000000e+01
5.449509928200000000e+10 2.834350000000000000e+12 1.500000000000000000e+01
9.737065394000000000e+09 2.847720000000000000e+12 1.400000000000000000e+01
4.674308717100000000e+10 2.850930000000000000e+12 1.500000000000000000e+01
4.607509347300000000e+10 2.863300000000000000e+12 1.400000000000000000e+01
1.818354222000000000e+10 2.863610000000000000e+12 1.500000000000000000e+01
1.922217236000000000e+09 2.870030000000000000e+12 1.400000000000000000e+01
6.545776084600000000e+10 2.874550000000000000e+12 1.500000000000000000e+01
3.889210167800000000e+10 2.886080000000000000e+12 1.500000000000000000e+01
1.425729993300000000e+10 2.912200000000000000e+12 1.400000000000000000e+01
4.535305620700000000e+10 2.912880000000000000e+12 1.500000000000000000e+01
2.388827569400000000e+10 2.916970000000000000e+12 1.500000000000000000e+01
4.758283479800000000e+10 2.955150000000000000e+12 1.400000000000000000e+01
3.436379988900000000e+10 2.977320000000000000e+12 1.500000000000000000e+01
3.533001713000000000e+09 2.990760000000000000e+12 1.500000000000000000e+01
5.322332628600000000e+10 2.998150000000000000e+12 1.500000000000000000e+01
3.793596545000000000e+09 3.004940000000000000e+12 1.500000000000000000e+01
2.885685333000000000e+10 3.039160000000000000e+12 1.500000000000000000e+01
5.137526873500000000e+10 3.066810000000000000e+12 1.600000000000000000e+01
3.892721430800000000e+10 3.084650000000000000e+12 1.600000000000000000e+01
5.100957986400000000e+10 3.101870000000000000e+12 1.500000000000000000e+01
3.558961275000000000e+09 3.128980000000000000e+12 1.500000000000000000e+01
3.243736776400000000e+10 3.137970000000000000e+12 1.400000000000000000e+01
4.659671172100000000e+10 3.151590000000000000e+12 1.500000000000000000e+01
3.139344640000000000e+08 3.191650000000000000e+12 1.500000000000000000e+01
1.323419160700000000e+10 3.198320000000000000e+12 1.600000000000000000e+01
5.368205240800000000e+10 3.216020000000000000e+12 1.500000000000000000e+01
3.779144437500000000e+10 3.220970000000000000e+12 1.500000000000000000e+01
2.506971831000000000e+09 3.240400000000000000e+12 1.600000000000000000e+01
5.015241269500000000e+10 3.253890000000000000e+12 1.500000000000000000e+01
7.164735612000000000e+09 3.275540000000000000e+12 1.600000000000000000e+01
4.631712086000000000e+09 3.291840000000000000e+12 1.500000000000000000e+01
5.144324544900000000e+10 3.300290000000000000e+12 1.500000000000000000e+01
2.949417513500000000e+10 3.313710000000000000e+12 1.500000000000000000e+01
6.272844005800000000e+10 3.313810000000000000e+12 1.600000000000000000e+01
3.767445274000000000e+09 3.322760000000000000e+12 1.500000000000000000e+01
2.864721280000000000e+08 3.328900000000000000e+12 1.500000000000000000e+01
5.538351652800000000e+10 3.352690000000000000e+12 1.500000000000000000e+01
6.639372690600000000e+10 3.367500000000000000e+12 1.500000000000000000e+01
4.596027269300000000e+10 3.376560000000000000e+12 1.500000000000000000e+01
1.487439274400000000e+10 3.394120000000000000e+12 1.600000000000000000e+01
2.680095871700000000e+10 3.422310000000000000e+12 1.600000000000000000e+01
7.738883109000000000e+09 3.430840000000000000e+12 1.600000000000000000e+01
5.867456543400000000e+10 3.431060000000000000e+12 1.600000000000000000e+01
1.948728909600000000e+10 3.473090000000000000e+12 1.600000000000000000e+01
2.125582763600000000e+10 3.500930000000000000e+12 1.500000000000000000e+01
6.771918129800000000e+10 3.544410000000000000e+12 1.500000000000000000e+01
2.629920106000000000e+09 3.545820000000000000e+12 1.600000000000000000e+01
4.982085817400000000e+10 3.554160000000000000e+12 1.500000000000000000e+01
5.657820823000000000e+10 3.568920000000000000e+12 1.600000000000000000e+01
4.862449837400000000e+10 3.586490000000000000e+12 1.600000000000000000e+01
4.017309957300000000e+10 3.595460000000000000e+12 1.600000000000000000e+01
1.977852582400000000e+10 3.624150000000000000e+12 1.500000000000000000e+01
1.615033757400000000e+10 3.692990000000000000e+12 1.700000000000000000e+01
5.431451455400000000e+10 3.695190000000000000e+12 1.600000000000000000e+01
4.962788813000000000e+09 3.729270000000000000e+12 1.700000000000000000e+01
5.395658939800000000e+10 3.740920000000000000e+12 1.600000000000000000e+01
3.785844313000000000e+09 3.778610000000000000e+12 1.600000000000000000e+01
1.610269855100000000e+10 3.804360000000000000e+12 1.600000000000000000e+01
5.956250311800000000e+10 3.822850000000000000e+12 1.600000000000000000e+01
6.101480864400000000e+10 3.840040000000000000e+12 1.500000000000000000e+01
2.883239585300000000e+10 3.844240000000000000e+12 1.700000000000000000e+01
6.049836123300000000e+10 3.859690000000000000e+12 1.600000000000000000e+01
5.976870210000000000e+09 3.865810000000000000e+12 1.500000000000000000e+01
4.565134800000000000e+10 3.876540000000000000e+12 1.600000000000000000e+01
5.051857570300000000e+10 3.884200000000000000e+12 1.800000000000000000e+01
1.721361990000000000e+09 3.888550000000000000e+12 1.500000000000000000e+01
1.996005560400000000e+10 3.915360000000000000e+12 1.700000000000000000e+01
4.553932452100000000e+10 3.917670000000000000e+12 1.600000000000000000e+01
6.865884470600000000e+10 3.935990000000000000e+12 1.400000000000000000e+01
5.462836778000000000e+09 3.945470000000000000e+12 1.700000000000000000e+01
2.641846708200000000e+10 3.977330000000000000e+12 1.600000000000000000e+01
2.876203943100000000e+10 4.000730000000000000e+12 1.500000000000000000e+01
5.290561834400000000e+10 4.007790000000000000e+12 1.600000000000000000e+01
2.918891754400000000e+10 4.012240000000000000e+12 1.600000000000000000e+01
3.947938471800000000e+10 4.020350000000000000e+12 1.700000000000000000e+01
5.985560909800000000e+10 4.032130000000000000e+12 1.700000000000000000e+01
1.828169283000000000e+10 4.055230000000000000e+12 1.700000000000000000e+01
1.045323689400000000e+10 4.071850000000000000e+12 1.700000000000000000e+01
6.172996810800000000e+10 4.112420000000000000e+12 1.800000000000000000e+01
2.794604759100000000e+10 4.149970000000000000e+12 1.600000000000000000e+01
5.597583589500000000e+10 4.152050000000000000e+12 1.700000000000000000e+01
5.194500987400000000e+10 4.209590000000000000e+12 1.700000000000000000e+01
3.893019964000000000e+09 4.240590000000000000e+12 1.700000000000000000e+01
6.726772612800000000e+10 4.255630000000000000e+12 1.800000000000000000e+01
5.025187800100000000e+10 4.290120000000000000e+12 1.800000000000000000e+01
6.456763085900000000e+10 4.306320000000000000e+12 1.600000000000000000e+01
4.319618911500000000e+10 4.310640000000000000e+12 1.600000000000000000e+01
2.251550443500000000e+10 4.409450000000000000e+12 1.800000000000000000e+01
3.672709936300000000e+10 4.424390000000000000e+12 1.700000000000000000e+01
2.361715073400000000e+10 4.440110000000000000e+12 1.600000000000000000e+01
4.334110948000000000e+10 4.454330000000000000e+12 1.800000000000000000e+01
2.213013227100000000e+10 4.492050000000000000e+12 1.700000000000000000e+01
2.003087383500000000e+10 4.518630000000000000e+12 1.700000000000000000e+01
1.252970409300000000e+10 4.604210000000000000e+12 1.700000000000000000e+01
5.167549325400000000e+10 4.660720000000000000e+12 1.700000000000000000e+01
4.903003222200000000e+10 4.818410000000000000e+12 1.800000000000000000e+01
1.686225837300000000e+10 4.822040000000000000e+12 1.700000000000000000e+01
4.696646142200000000e+10 4.825020000000000000e+12 1.900000000000000000e+01
3.672819083000000000e+09 4.847690000000000000e+12 1.900000000000000000e+01
5.345881463000000000e+09 4.859470000000000000e+12 1.800000000000000000e+01
6.225050724800000000e+10 4.867520000000000000e+12 1.800000000000000000e+01
1.322193634800000000e+10 4.875650000000000000e+12 1.800000000000000000e+01
9.793895969000000000e+09 4.881280000000000000e+12 1.800000000000000000e+01
1.991670903600000000e+10 5.023940000000000000e+12 1.800000000000000000e+01
6.109449344800000000e+10 5.092310000000000000e+12 1.800000000000000000e+01
6.198636752300000000e+10 5.169360000000000000e+12 1.900000000000000000e+01
5.268671072100000000e+10 5.224140000000000000e+12 1.800000000000000000e+01
3.928160038000000000e+09 5.307390000000000000e+12 1.800000000000000000e+01
5.516426777600000000e+10 5.314880000000000000e+12 1.900000000000000000e+01
2.034967250500000000e+10 5.328080000000000000e+12 1.900000000000000000e+01
1.542767205200000000e+10 5.349010000000000000e+12 1.900000000000000000e+01
2.605821504300000000e+10 5.368080000000000000e+12 1.800000000000000000e+01
5.625399029300000000e+10 5.421610000000000000e+12 1.700000000000000000e+01
2.655893051100000000e+10 5.448960000000000000e+12 1.800000000000000000e+01
2.511452112300000000e+10 5.521570000000000000e+12 1.900000000000000000e+01
1.892584368000000000e+10 5.543180000000000000e+12 1.700000000000000000e+01
1.799440812600000000e+10 5.637960000000000000e+12 2.100000000000000000e+01
3.426501037100000000e+10 5.746740000000000000e+12 1.900000000000000000e+01
1.745825608400000000e+10 5.780810000000000000e+12 1.800000000000000000e+01
1.012860171500000000e+10 5.830640000000000000e+12 1.900000000000000000e+01
1.711826254000000000e+09 5.927300000000000000e+12 2.000000000000000000e+01
2.858791493800000000e+10 5.981680000000000000e+12 1.800000000000000000e+01
1.007101020500000000e+10 6.015120000000000000e+12 1.900000000000000000e+01
5.204719610000000000e+08 6.043650000000000000e+12 1.900000000000000000e+01
6.793101882000000000e+10 6.159350000000000000e+12 2.000000000000000000e+01
2.693803890000000000e+09 6.164320000000000000e+12 1.800000000000000000e+01
4.876121352100000000e+10 6.183690000000000000e+12 1.800000000000000000e+01
3.181586403200000000e+10 6.221850000000000000e+12 1.900000000000000000e+01
2.676554081200000000e+10 6.244940000000000000e+12 2.000000000000000000e+01
1.385736569900000000e+10 6.291540000000000000e+12 2.000000000000000000e+01
6.309041729200000000e+10 6.296900000000000000e+12 2.000000000000000000e+01
5.449955219500000000e+10 6.402330000000000000e+12 2.100000000000000000e+01
6.280236283500000000e+10 6.450830000000000000e+12 2.000000000000000000e+01
5.612069725400000000e+10 6.461320000000000000e+12 1.900000000000000000e+01
4.903615638000000000e+09 6.463300000000000000e+12 2.000000000000000000e+01
2.387116919000000000e+09 6.581640000000000000e+12 1.900000000000000000e+01
6.454323787100000000e+10 6.708490000000000000e+12 2.000000000000000000e+01
1.835050782300000000e+10 6.748860000000000000e+12 1.900000000000000000e+01
1.843358701300000000e+10 6.749880000000000000e+12 2.100000000000000000e+01
1.997872009700000000e+10 6.909410000000000000e+12 2.000000000000000000e+01
6.614133874000000000e+09 6.929970000000000000e+12 2.100000000000000000e+01
2.018160924400000000e+10 6.975340000000000000e+12 2.100000000000000000e+01
5.088193973000000000e+09 7.064910000000000000e+12 2.200000000000000000e+01
4.567540634500000000e+10 7.151530000000000000e+12 2.000000000000000000e+01
2.542598486400000000e+10 7.165440000000000000e+12 1.900000000000000000e+01
5.125466154000000000e+09 7.186780000000000000e+12 2.000000000000000000e+01
4.480035684800000000e+10 7.218460000000000000e+12 2.000000000000000000e+01
4.547736324200000000e+10 7.235790000000000000e+12 2.000000000000000000e+01
5.523420944200000000e+10 7.246850000000000000e+12 1.900000000000000000e+01
5.412475886700000000e+10 7.266480000000000000e+12 2.000000000000000000e+01
8.757801594000000000e+09 7.283530000000000000e+12 2.000000000000000000e+01
5.763461575000000000e+10 7.443060000000000000e+12 2.100000000000000000e+01
3.130597117500000000e+10 7.692430000000000000e+12 2.200000000000000000e+01
2.155203615800000000e+10 8.147400000000000000e+12 2.100000000000000000e+01
6.668891166100000000e+10 8.171970000000000000e+12 2.200000000000000000e+01
2.768285944000000000e+10 8.314350000000000000e+12 2.200000000000000000e+01
5.447701470600000000e+10 8.366470000000000000e+12 2.200000000000000000e+01
8.067992875000000000e+09 8.372590000000000000e+12 2.100000000000000000e+01
9.374223942000000000e+09 8.394670000000000000e+12 2.200000000000000000e+01
4.664233800000000000e+10 8.415890000000000000e+12 2.100000000000000000e+01
5.729753445000000000e+09 8.614740000000000000e+12 2.100000000000000000e+01
5.984460113000000000e+10 8.623580000000000000e+12 2.100000000000000000e+01
5.704984473400000000e+10 8.637080000000000000e+12 2.200000000000000000e+01
2.268306129900000000e+10 8.743420000000000000e+12 2.100000000000000000e+01
1.805427007600000000e+10 8.974420000000000000e+12 2.300000000000000000e+01
1.849788425400000000e+10 9.010230000000000000e+12 2.200000000000000000e+01
1.325904860000000000e+09 9.444310000000000000e+12 2.300000000000000000e+01
9.877788343000000000e+09 9.519950000000000000e+12 2.300000000000000000e+01
5.026354978200000000e+10 9.696760000000000000e+12 2.400000000000000000e+01
1.944232943800000000e+10 9.799780000000000000e+12 2.300000000000000000e+01
4.450707071000000000e+09 9.804130000000000000e+12 2.200000000000000000e+01
6.764531460200000000e+10 1.005150000000000000e+13 2.300000000000000000e+01
5.553493249700000000e+10 1.046540000000000000e+13 2.300000000000000000e+01
4.880556369600000000e+10 1.050010000000000000e+13 2.400000000000000000e+01
4.423050503800000000e+10 1.060460000000000000e+13 2.300000000000000000e+01
1.698092143200000000e+10 1.211550000000000000e+13 2.400000000000000000e+01
2.241249843800000000e+10 1.277910000000000000e+13 2.700000000000000000e+01
2.560128173000000000e+09 1.387850000000000000e+13 2.700000000000000000e+01
6.057282661700000000e+10 1.477660000000000000e+13 2.600000000000000000e+01
5.230188058000000000e+09 1.492360000000000000e+13 2.500000000000000000e+01
6.312272586200000000e+10 1.494440000000000000e+13 2.700000000000000000e+01
1.758080126300000000e+10 1.517590000000000000e+13 2.600000000000000000e+01
5.313970242900000000e+10 1.551230000000000000e+13 2.600000000000000000e+01
2.576922574700000000e+10 1.616250000000000000e+13 2.900000000000000000e+01
6.554041055000000000e+10 1.645340000000000000e+13 2.800000000000000000e+01
1.650514513300000000e+10 2.007580000000000000e+13 2.900000000000000000e+01
2.164198304500000000e+10 2.095420000000000000e+13 3.000000000000000000e+01
1.952316346000000000e+09 2.198650000000000000e+13 3.100000000000000000e+01
8.671157036000000000e+09 2.228040000000000000e+13 3.000000000000000000e+01
2.538483324000000000e+09 2.240680000000000000e+13 3.200000000000000000e+01
1.739512987800000000e+10 2.274630000000000000e+13 3.000000000000000000e+01
4.930778003600000000e+10 2.423200000000000000e+13 3.200000000000000000e+01
6.506875283400000000e+10 2.544730000000000000e+13 3.300000000000000000e+01
2.876291720000000000e+09 2.700930000000000000e+13 3.300000000000000000e+01
2.011391531400000000e+10 3.235830000000000000e+13 3.600000000000000000e+01
5.011263278200000000e+10 3.608140000000000000e+13 3.500000000000000000e+01
6.021853639300000000e+10 4.067970000000000000e+13 3.900000000000000000e+01
5.557869629000000000e+09 4.160880000000000000e+13 3.700000000000000000e+01
5.377468452800000000e+10 4.191030000000000000e+13 3.800000000000000000e+01
6.460120566000000000e+10 4.253380000000000000e+13 3.900000000000000000e+01
